23000	6	239
23000	6	450
23000	6	720
23000	6	450
23000	6	390
23000	6	360
23000	6	295
23000	6	650
23000	6	400
23000	6	270
23000	6	1320
23000	6	440
23000	6	1070
23000	6	1070
23000	6	1400
23000	6	1070
23000	6	1070
23000	6	1080
23000	6	290
23000	6	1070
23000	6	1070
23000	6	1070
23000	6	1070
23000	6	1070
23000	6	1080
23000	6	1070
23000	6	1080
23000	6	310
23000	6	357
23000	6	1070
23000	6	360
23000	6	1080
23000	6	1070
23000	6	290
23000	6	1080
23000	6	270
23000	6	730
23000	6	1070
23000	6	360
23000	6	1080
23000	6	1070
23000	6	1070
23000	6	1080
23000	6	1070
23000	6	1080
23000	6	300
23000	6	300
23000	6	900
23000	6	730
23000	6	900
23000	6	236
23000	6	900
23000	6	820
23000	6	360
23000	6	900
23000	6	900
23000	6	900
23000	6	730
23000	6	730
23000	6	730
24133	6	230
24133	6	300
24133	6	300
24133	6	300
24133	6	229
24133	6	300
24133	6	320
24133	6	340
24133	6	340
24133	6	340
24133	6	300
24133	6	970
24133	6	340
24133	6	340
24133	6	340
24133	6	330
24133	6	330
24133	6	340
24133	6	320
24133	6	340
24133	6	340
24133	6	229
24133	6	300
24133	6	253
24133	6	340
24133	6	340
24133	6	300
24133	6	300
24133	6	300
24133	6	300
24133	6	179
24133	6	310
53040	6	1430
53040	6	1090
53040	6	200
53040	6	237
53040	6	850
53040	6	195
53040	6	240
53040	6	240
53040	6	1200
53040	6	260
53040	6	280
53040	6	280
53040	6	280
53040	6	280
53040	6	1760
53040	6	250
53040	6	1090
53040	6	280
53040	6	250
53040	6	1090
53040	6	280
53040	6	230
53040	6	230
53040	6	1090
53040	6	1540
53040	6	200
53040	6	199
53040	6	610
53040	6	230
53040	6	159
53040	6	850
53040	6	230
53040	6	180
53040	6	1090
53040	6	200
53040	6	230
53040	6	200
53040	6	1090
53040	6	1430
53040	6	180
53040	6	160
53040	6	180
53040	6	180
53040	6	180
53040	6	180
53040	6	1090
53040	6	150
53040	6	130
53040	6	180
53040	6	130
53040	6	130
53040	6	576
53040	6	1090
53040	6	232
21897	6	700
21897	6	695
21897	6	1190
21897	6	650
21897	6	339
21897	6	330
21897	6	1910
21897	6	1720
21897	6	730
21897	6	299
21897	6	650
21897	6	650
21897	6	450
21897	6	650
21897	6	350
21897	6	770
21897	6	1190
21897	6	1360
21897	6	1190
21897	6	1190
21897	6	280
21897	6	550
21897	6	420
21897	6	339
21897	6	550
21897	6	400
21897	6	260
21897	6	240
21897	6	260
21897	6	400
21897	6	147
21897	6	1080
21897	6	1080
35136	6	400
35136	6	400
35136	6	400
35136	6	400
35136	6	400
35136	6	400
35136	6	400
35136	6	400
35136	6	400
24736	6	300
24736	6	247
24736	6	350
24736	6	400
24736	6	400
24736	6	239
24736	6	600
24736	6	320
24736	6	450
24736	6	400
23004	6	520
23004	6	450
23004	6	450
23004	6	450
23004	6	450
23004	6	420
23004	6	320
29201	6	350
29201	6	250
29201	6	830
29201	6	320
29201	6	320
29201	6	315
29201	6	390
29201	6	390
29201	6	390
29201	6	830
29201	6	830
29201	6	350
29201	6	350
29201	6	278
29201	6	320
29201	6	830
29201	6	830
29201	6	320
29539	6	310
29539	6	260
29539	6	520
29539	6	260
223533	6	520
223533	6	190
23010	6	200
23010	6	290
23010	6	255
23010	6	450
23010	6	450
23010	6	1740
23010	6	290
23010	6	850
23010	6	315
23010	6	300
23010	6	290
23010	6	255
23010	6	230
23010	6	290
23010	6	1160
23010	6	450
23010	6	290
23010	6	670
23010	6	199
23010	6	290
23010	6	290
23010	6	290
23010	6	290
23010	6	160
23010	6	290
23010	6	255
42202	6	400
42202	6	260
42202	6	392
42202	6	430
42202	6	1550
42202	6	430
42202	6	1550
42202	6	500
42202	6	480
42202	6	1210
42202	6	1210
42202	6	425
42202	6	480
42202	6	430
42202	6	1550
42202	6	480
42202	6	425
33260	6	2740
33260	6	2740
33260	6	3260
33260	6	3230
32156	6	1510
32156	6	350
32156	6	1180
32156	6	335
32156	6	290
32156	6	380
32156	6	800
32156	6	1510
32156	6	400
32156	6	400
32156	6	290
32156	6	310
32156	6	330
32156	6	330
32156	6	300
32156	6	200
32156	6	300
32156	6	310
32156	6	1510
32156	6	300
32156	6	286
24136	6	350
24136	6	280
24136	6	1760
24136	6	200
24136	6	1090
24136	6	1060
24136	6	170
24136	6	690
24136	6	350
24136	6	1170
24136	6	1170
24136	6	220
24136	6	590
24136	6	490
24136	6	190
24136	6	490
24136	6	200
24136	6	1070
24136	6	190
24136	6	350
24136	6	350
24136	6	245
24136	6	200
24136	6	1760
24136	6	200
24136	6	180
24136	6	170
24136	6	1090
24136	6	1090
24136	6	170
24136	6	1390
24136	6	1390
24136	6	180
24136	6	1390
24136	6	1390
24136	6	1390
24136	6	150
24136	6	1390
24136	6	1170
24136	6	1170
24136	6	180
24136	6	1070
24136	6	1070
32254	6	330
32254	6	970
32254	6	970
32254	6	330
32254	6	400
32254	6	500
32254	6	970
32254	6	830
32254	6	400
32254	6	520
32254	6	970
32254	6	360
32254	6	330
32254	6	330
32254	6	330
32254	6	970
35166	6	197
35166	6	300
35166	6	240
35166	6	259
35166	6	350
35166	6	320
35166	6	350
35166	6	359
35166	6	1050
35166	6	450
35166	6	350
213643	6	396
213643	6	490
213643	6	501
213643	6	1380
213643	6	449
213643	6	470
213643	6	650
213643	6	395
213643	6	1892
213643	6	449
213643	6	650
213643	6	550
213643	6	500
213643	6	550
213643	6	449
213643	6	500
213643	6	550
213643	6	390
213643	6	1380
213643	6	511
213643	6	500
213643	6	449
213643	6	500
213643	6	1490
213643	6	400
213643	6	550
213643	6	449
213643	6	500
213643	6	1380
213643	6	500
213643	6	511
213643	6	395
213643	6	470
213643	6	550
213643	6	450
213643	6	449
213643	6	550
213643	6	461
213643	6	1380
213643	6	450
213643	6	300
213643	6	311
213643	6	1380
213643	6	350
213643	6	771
213643	6	1490
213643	6	1490
213643	6	1490
213643	6	1490
213643	6	1490
213643	6	1490
44237	6	350
44237	6	340
44237	6	350
44237	6	360
44237	6	300
44237	6	350
44237	6	295
52943	6	295
52943	6	320
52943	6	320
52943	6	480
52943	6	570
52943	6	870
52943	6	320
52943	6	440
52943	6	520
52943	6	460
52943	6	350
52943	6	440
52943	6	320
52943	6	320
52943	6	300
52943	6	870
52943	6	200
52943	6	245
52943	6	365
52943	6	870
52943	6	870
52943	6	870
52943	6	870
52943	6	870
52943	6	870
52943	6	870
52943	6	870
21884	6	840
21884	6	340
21884	6	300
21884	6	840
21884	6	840
21884	6	200
21884	6	200
21884	6	120
21884	6	340
21884	6	840
21884	6	840
21884	6	340
32833	6	300
32833	6	770
32833	6	260
32833	6	235
32833	6	430
32833	6	150
32833	6	240
32833	6	560
32833	6	770
32833	6	770
32833	6	480
32833	6	770
32833	6	400
32833	6	200
32833	6	770
32833	6	300
32833	6	150
32833	6	305
24734	6	950
27172	6	1090
27172	6	550
27172	6	770
27172	6	549
27172	6	640
27172	6	1200
27172	6	650
27172	6	1090
27172	6	1200
27172	6	640
27172	6	1200
27172	6	640
27172	6	700
27172	6	1090
27172	6	560
27172	6	1200
27172	6	633
262333	6	250
262333	6	300
262333	6	1140
262333	6	450
262333	6	890
262333	6	415
262333	6	980
262333	6	1260
262333	6	990
262333	6	453
262333	6	980
262333	6	1140
262333	6	1260
262333	6	980
262333	6	990
262333	6	1260
262333	6	980
262333	6	890
262333	6	1260
262333	6	1140
262333	6	890
262333	6	730
262333	6	1140
262333	6	400
22491	6	250
22491	6	410
22491	6	250
22491	6	480
22491	6	480
22491	6	610
22491	6	370
22491	6	400
22491	6	880
22491	6	330
22491	6	300
22491	6	300
22491	6	439
23000	6	650
23000	6	500
23000	6	650
23000	6	420
23000	6	520
23000	6	650
23000	6	420
23000	6	650
23000	6	650
23000	6	650
23000	6	600
23000	6	570
23000	6	240
23000	6	390
23000	6	422
23000	6	250
23000	6	400
23000	6	280
23000	6	324
23000	6	400
23000	6	400
23000	6	270
23000	6	400
23000	6	400
23000	6	500
23000	6	500
23000	6	500
23000	6	500
23000	6	330
23000	6	500
23000	6	400
23000	6	500
23000	6	500
23000	6	500
23000	6	500
23000	6	500
23000	6	352
23000	6	280
23000	6	500
23000	6	500
23000	6	370
23000	6	500
23000	6	290
23000	6	500
23000	6	500
23000	6	500
23000	6	500
23000	6	280
23000	6	400
23000	6	450
23000	6	450
23000	6	200
23000	6	450
23000	6	730
23000	6	730
23000	6	730
5095	6	440
5095	6	710
5095	6	710
5095	6	580
5095	6	710
5095	6	1228
5095	6	410
5095	6	960
5095	6	960
5095	6	960
5095	6	960
5095	6	960
5095	6	960
5095	6	960
5095	6	960
5095	6	960
5095	6	960
5095	6	630
5095	6	710
5095	6	710
5095	6	550
5095	6	710
5095	6	620
5095	6	620
5095	6	710
5095	6	710
5095	6	710
5095	6	620
5095	6	620
5095	6	620
5095	6	620
5095	6	620
5095	6	550
5095	6	620
5095	6	620
5095	6	400
5095	6	540
5095	6	540
5095	6	540
5095	6	540
5095	6	450
5095	6	540
5095	6	540
5095	6	540
5095	6	450
5095	6	400
5095	6	380
5095	6	290
5095	6	450
5095	6	380
5095	6	250
34002	6	820
34002	6	580
34002	6	1670
34002	6	650
34002	6	1610
34002	6	820
34002	6	1610
34002	6	650
34002	6	800
34002	6	640
34002	6	640
34002	6	1030
34002	6	1670
34002	6	640
34002	6	1350
34002	6	820
34002	6	800
34002	6	682
34002	6	1140
34002	6	650
34002	6	800
34002	6	800
34002	6	800
34002	6	1260
34002	6	510
34002	6	1030
34002	6	640
34002	6	1670
34002	6	800
34002	6	800
34002	6	1140
34002	6	682
34002	6	800
34002	6	640
34002	6	820
34002	6	720
34002	6	890
34002	6	1605
34002	6	530
34002	6	450
34002	6	1030
34002	6	720
34002	6	580
34002	6	1670
34002	6	760
34002	6	540
34002	6	1670
34002	6	680
34002	6	1260
34002	6	459
34002	6	930
34002	6	1260
34002	6	610
34002	6	550
34002	6	490
203895	6	200
203895	6	850
203895	6	845
203895	6	845
203895	6	850
203895	6	280
203895	6	950
203895	6	850
203895	6	845
203895	6	410
203895	6	380
203895	6	344
203895	6	555
203895	6	560
203895	6	410
203895	6	320
203895	6	950
203895	6	280
203895	6	920
203895	6	315
203895	6	300
203895	6	300
203895	6	300
22122	6	350
22122	6	460
22122	6	800
22122	6	690
22122	6	350
5698	6	210
5698	6	220
5698	6	320
5698	6	320
5698	6	320
5698	6	300
5698	6	320
5698	6	320
5698	6	300
5698	6	180
5698	6	230
5698	6	230
5698	6	200
5698	6	220
3966	6	200
3966	6	200
3966	6	300
3966	6	300
3966	6	300
3966	6	300
3966	6	300
3966	6	180
3966	6	200
3966	6	174
3966	6	180
3966	6	180
3966	6	300
3966	6	160
3966	6	170
3966	6	180
3966	6	400
3966	6	400
3966	6	220
3966	6	150
3966	6	150
10163	6	200
10163	6	890
10163	6	180
10163	6	230
10163	6	230
10163	6	225
10163	6	205
10163	6	250
10163	6	215
10163	6	250
10163	6	880
10163	6	1070
10163	6	250
10163	6	250
10163	6	200
10163	6	400
10163	6	400
10163	6	200
10501	6	500
10501	6	800
10501	6	725
10501	6	430
10501	6	960
10501	6	530
10501	6	200
193004	6	334
193004	6	490
193004	6	500
193004	6	450
193004	6	360
193004	6	245
193004	6	365
193004	6	260
193004	6	320
193004	6	200
204495	6	610
204495	6	790
204495	6	720
204495	6	860
204495	6	720
204495	6	860
204495	6	780
204495	6	860
204495	6	780
204495	6	720
204495	6	680
204495	6	490
204495	6	440
3972	6	570
3972	6	450
3972	6	840
3972	6	680
3972	6	480
3972	6	1300
3972	6	1390
3972	6	570
3972	6	500
3972	6	1250
3972	6	930
3972	6	750
3972	6	650
3972	6	510
3972	6	600
3972	6	600
3972	6	600
3972	6	600
3972	6	510
3972	6	600
3972	6	480
3972	6	540
3972	6	390
3972	6	1250
3972	6	540
3972	6	510
3972	6	480
3972	6	350
3972	6	400
23164	6	900
23164	6	750
23164	6	660
23164	6	900
23164	6	885
23164	6	1110
23164	6	1110
23164	6	425
23164	6	425
23164	6	1660
23164	6	588
23164	6	740
23164	6	740
14222	6	2080
14222	6	2080
14222	6	2045
13118	6	980
13118	6	350
13118	6	1080
13118	6	1080
13118	6	1080
13118	6	1080
13118	6	820
13118	6	1120
13118	6	367
13118	6	330
13118	6	1080
13118	6	350
13118	6	751
13118	6	1150
13118	6	350
13118	6	395
13118	6	900
13118	6	900
13118	6	309
13118	6	820
13118	6	258
13118	6	1190
13118	6	700
13118	6	1030
13118	6	350
13118	6	700
13118	6	300
13118	6	700
13118	6	300
13118	6	300
13118	6	300
13118	6	358
13118	6	300
13118	6	350
13118	6	280
13118	6	280
5098	6	531
5098	6	1290
5098	6	1290
5098	6	1010
5098	6	270
5098	6	920
5098	6	370
5098	6	550
5098	6	400
5098	6	920
5098	6	1030
5098	6	400
5098	6	400
5098	6	1010
5098	6	820
5098	6	300
5098	6	1010
5098	6	1010
5098	6	920
5098	6	920
5098	6	420
5098	6	400
5098	6	400
5098	6	300
5098	6	278
5098	6	400
5098	6	920
5098	6	420
5098	6	400
5098	6	400
5098	6	400
5098	6	349
5098	6	1398
5098	6	400
5098	6	1010
5098	6	820
5098	6	1010
5098	6	1010
5098	6	300
5098	6	300
5098	6	280
5098	6	920
5098	6	280
5098	6	920
5098	6	250
5098	6	300
5098	6	920
5098	6	920
5098	6	300
5098	6	920
5098	6	1030
5098	6	330
5098	6	330
5098	6	280
5098	6	230
13216	6	350
13216	6	440
13216	6	570
13216	6	630
13216	6	630
13216	6	380
13216	6	320
13216	6	760
13216	6	320
13216	6	340
13216	6	290
13216	6	400
13216	6	400
13216	6	830
13216	6	830
13216	6	300
13216	6	290
13216	6	300
16128	6	690
16128	6	690
16128	6	200
16128	6	690
16128	6	690
16128	6	690
16128	6	760
16128	6	760
16128	6	422
16128	6	400
16128	6	170
16128	6	275
16128	6	280
194605	6	690
194605	6	1130
194605	6	1420
194605	6	1420
194605	6	1420
194605	6	1250
194605	6	1080
194605	6	1250
194605	6	840
194605	6	1000
194605	6	817
194605	6	1250
194605	6	830
194605	6	650
194605	6	1260
194605	6	910
194605	6	830
194605	6	910
194605	6	910
194605	6	910
194605	6	740
194605	6	1050
194605	6	740
194605	6	610
194605	6	740
194605	6	1000
194605	6	1080
194605	6	650
194605	6	910
194605	6	1000
194605	6	910
194605	6	1200
194605	6	910
194605	6	910
194605	6	1010
194605	6	830
194605	6	910
194605	6	650
194605	6	1000
194605	6	910
194605	6	830
194605	6	610
194605	6	600
194605	6	1200
194605	6	907
194605	6	1000
194605	6	650
194605	6	1080
194605	6	910
194605	6	742
194605	6	1050
194605	6	910
194605	6	740
194605	6	830
194605	6	910
194605	6	910
194605	6	740
194605	6	740
194605	6	1050
194605	6	830
194605	6	910
194605	6	1000
194605	6	910
194605	6	1200
194605	6	740
194605	6	830
194605	6	740
194605	6	1050
194605	6	736
194605	6	610
194605	6	910
194605	6	650
194605	6	660
194605	6	740
194605	6	740
194605	6	910
194605	6	741
194605	6	1050
194605	6	570
194605	6	1180
194605	6	1000
194605	6	1000
194605	6	1000
194605	6	1000
194605	6	1000
194605	6	1000
194605	6	1000
194605	6	1000
194605	6	1000
194605	6	480
194605	6	580
194605	6	620
194605	6	530
194605	6	480
25199	6	550
25199	6	375
25199	6	680
25199	6	500
25199	6	500
25199	6	680
25199	6	500
25199	6	500
25199	6	460
25199	6	500
33905	6	400
33905	6	400
33905	6	510
33905	6	300
33905	6	800
33905	6	600
33905	6	800
33905	6	795
33905	6	595
33905	6	600
33905	6	450
33905	6	600
33905	6	350
33905	6	795
33905	6	800
33905	6	260
33905	6	600
33905	6	595
33905	6	239
33905	6	600
33905	6	200
33905	6	820
33905	6	240
33905	6	280
33905	6	850
13795	6	345
13795	6	370
13795	6	370
13795	6	250
13795	6	405
5696	6	310
5696	6	840
5696	6	392
5696	6	590
5696	6	640
5696	6	640
5696	6	640
5696	6	640
5696	6	640
5696	6	530
5696	6	530
5696	6	420
5696	6	490
5696	6	460
5696	6	470
5696	6	470
5696	6	430
8134	6	520
8134	6	450
8134	6	770
8134	6	890
8134	6	930
8134	6	890
8134	6	930
8134	6	890
8134	6	770
8134	6	890
8134	6	930
8134	6	610
8134	6	670
243295	6	180
243295	6	300
243295	6	300
243295	6	330
243295	6	330
243295	6	660
243295	6	900
243295	6	400
243295	6	450
243295	6	680
243295	6	250
243295	6	400
243295	6	900
243295	6	400
243295	6	900
243295	6	400
243295	6	900
243295	6	400
243295	6	400
243295	6	400
243295	6	400
243295	6	900
243295	6	280
243295	6	400
243295	6	900
243295	6	400
243295	6	400
243295	6	290
243295	6	190
243295	6	250
243295	6	170
243295	6	290
24133	6	350
24133	6	319
24133	6	320
24133	6	380
24133	6	380
24133	6	380
24133	6	380
24133	6	350
24133	6	380
24133	6	350
24133	6	1370
24133	6	350
24133	6	380
24133	6	319
24133	6	380
24133	6	380
24133	6	350
24133	6	380
24133	6	380
24133	6	350
24133	6	350
24133	6	970
24133	6	319
24133	6	350
24133	6	350
24133	6	459
24133	6	320
24133	6	320
24133	6	249
24133	6	260
24133	6	252
24133	6	1370
24133	6	1370
24133	6	1370
24133	6	1370
24133	6	1370
24133	6	1370
24133	6	1370
24133	6	1370
24133	6	1370
24133	6	1370
24133	6	1370
5095	6	780
5095	6	389
5095	6	810
5095	6	810
5095	6	450
5095	6	870
5095	6	870
5095	6	870
5095	6	870
5095	6	870
5095	6	870
5095	6	770
5095	6	870
5095	6	660
5095	6	870
5095	6	870
5095	6	870
5095	6	870
5095	6	579
5095	6	1228
5095	6	870
5095	6	870
5095	6	870
5095	6	870
5095	6	870
5095	6	870
5095	6	870
5095	6	870
5095	6	870
5095	6	870
5095	6	870
5095	6	480
5095	6	870
5095	6	870
5095	6	870
5095	6	870
5095	6	870
5095	6	870
5095	6	870
5095	6	870
5095	6	810
5095	6	810
5095	6	400
5095	6	780
5095	6	780
5095	6	350
5095	6	470
5095	6	380
5095	6	500
5095	6	380
5095	6	290
35135	6	570
35135	6	570
35135	6	570
35135	6	980
35135	6	740
35135	6	930
35135	6	741
35135	6	610
35135	6	650
35135	6	790
35135	6	840
35135	6	930
35135	6	650
35135	6	930
35135	6	790
35135	6	664
35135	6	1020
35135	6	650
35135	6	650
35135	6	790
35135	6	790
35135	6	930
35135	6	791
35135	6	980
35135	6	650
35135	6	930
35135	6	790
35135	6	659
35135	6	710
35135	6	650
35135	6	650
35135	6	710
35135	6	609
35135	6	640
35135	6	930
35135	6	840
35135	6	650
35135	6	650
35135	6	790
35135	6	980
35135	6	791
35135	6	930
35135	6	650
35135	6	650
35135	6	750
35135	6	600
35135	6	930
35135	6	840
35135	6	590
205028	6	400
205028	6	550
205028	6	1010
205028	6	400
205028	6	335
205028	6	680
205028	6	580
205028	6	1220
205028	6	390
205028	6	410
205028	6	1010
205028	6	394
205028	6	900
205028	6	1010
205028	6	400
205028	6	1220
205028	6	1220
205028	6	1220
205028	6	1220
3992	6	347
3992	6	610
3992	6	500
3992	6	520
3992	6	540
3992	6	449
3992	6	540
3992	6	449
3992	6	320
3992	6	540
3992	6	420
3992	6	760
3992	6	700
3992	6	570
3992	6	700
3992	6	540
3992	6	760
3992	6	370
3992	6	350
3992	6	320
3992	6	320
3992	6	319
3992	6	300
3992	6	320
3992	6	320
3992	6	300
3992	6	300
3992	6	316
3992	6	300
3992	6	690
3992	6	740
3992	6	760
3992	6	320
3992	6	520
3992	6	500
3992	6	500
3992	6	760
3992	6	760
3992	6	760
3992	6	760
3992	6	760
3992	6	760
3992	6	760
3992	6	760
3992	6	760
17231	6	758
17231	6	720
17231	6	850
17231	6	990
17231	6	910
17231	6	1050
17231	6	960
17231	6	960
17231	6	1110
17231	6	969
17231	6	1300
17231	6	980
17231	6	830
17231	6	990
17231	6	1110
17231	6	990
17231	6	1300
17231	6	1010
17231	6	980
17231	6	1110
17231	6	1300
17231	6	980
17231	6	1010
17231	6	1300
17231	6	1010
17231	6	1110
17231	6	1010
17231	6	1010
17231	6	1300
17231	6	1010
17231	6	1110
17231	6	1010
17231	6	1010
17231	6	1000
17231	6	980
17231	6	960
17231	6	1300
17231	6	1110
17231	6	969
17231	6	960
17231	6	770
17231	6	990
17231	6	850
17231	6	750
17231	6	759
17231	6	650
17231	6	509
23255	6	900
23255	6	900
23255	6	1080
23255	6	900
23255	6	900
23255	6	1060
23255	6	980
23255	6	1080
23255	6	980
23255	6	1250
23255	6	980
23255	6	1060
23255	6	980
23255	6	900
23255	6	900
23255	6	900
23255	6	900
23255	6	1080
23255	6	810
23255	6	790
23255	6	920
23255	6	810
6831	6	359
6831	6	700
6831	6	800
6831	6	300
6831	6	820
6831	6	1340
6831	6	320
6831	6	345
6831	6	1560
6831	6	339
5099	6	800
5099	6	800
5099	6	800
5099	6	650
5099	6	460
5099	6	499
5099	6	802
5099	6	800
5099	6	1220
5099	6	1420
5099	6	329
11296	6	750
11296	6	779
11296	6	700
11296	6	600
11296	6	1690
11296	6	600
11296	6	1960
11296	6	613
11634	6	200
11634	6	250
11634	6	980
11634	6	450
11634	6	300
11634	6	250
11634	6	449
194137	6	420
194137	6	420
194137	6	750
194137	6	610
194137	6	700
194137	6	665
194137	6	400
205628	6	410
205628	6	450
205628	6	440
205628	6	450
205628	6	770
205628	6	450
205628	6	300
5105	6	570
5105	6	590
5105	6	610
5105	6	960
5105	6	615
5105	6	610
5105	6	830
5105	6	610
5105	6	610
5105	6	549
5105	6	610
5105	6	610
5105	6	960
5105	6	610
5105	6	830
5105	6	610
5105	6	610
5105	6	650
5105	6	399
5105	6	570
5105	6	960
5105	6	550
5105	6	561
5105	6	830
5105	6	550
5105	6	520
5105	6	499
24297	6	1020
24297	6	710
24297	6	1430
24297	6	865
24297	6	1090
15355	6	1440
15355	6	1150
15355	6	1230
14251	6	1800
14251	6	610
14251	6	610
14251	6	610
14251	6	610
14251	6	610
14251	6	610
14251	6	610
14251	6	590
14251	6	720
14251	6	970
14251	6	890
14251	6	920
14251	6	510
14251	6	500
14251	6	770
14251	6	860
14251	6	476
6231	6	447
6231	6	570
6231	6	600
6231	6	620
6231	6	640
6231	6	810
6231	6	890
6231	6	650
6231	6	650
6231	6	650
6231	6	579
6231	6	650
6231	6	650
6231	6	650
6231	6	630
6231	6	479
6231	6	610
6231	6	590
6231	6	580
6231	6	399
6231	6	810
6231	6	550
6231	6	810
6231	6	670
6231	6	348
6231	6	348
6231	6	469
14349	6	620
14349	6	620
14349	6	360
14349	6	270
14349	6	269
14349	6	269
26332	6	300
26332	6	300
26332	6	400
26332	6	350
26332	6	350
26332	6	300
35038	6	320
35038	6	350
35038	6	320
3979	6	580
3979	6	600
3979	6	630
3979	6	770
3979	6	630
3979	6	640
3979	6	630
3979	6	570
3979	6	500
3979	6	670
3979	6	480
3979	6	580
3979	6	480
3979	6	379
14928	6	390
14928	6	490
14928	6	340
14928	6	309
6829	6	400
6829	6	550
6829	6	400
6829	6	419
6829	6	550
6829	6	500
6829	6	500
6829	6	500
6829	6	500
6829	6	449
6829	6	450
6829	6	450
6829	6	400
6829	6	429
6829	6	359
9267	6	1230
9267	6	1350
9267	6	1340
9267	6	1350
9267	6	1230
9267	6	1350
9267	6	1230
9267	6	1350
9267	6	1230
9267	6	1230
9267	6	1230
244428	6	360
244428	6	747
244428	6	750
244428	6	750
244428	6	750
244428	6	750
244428	6	750
244428	6	747
244428	6	750
244428	6	330
244428	6	280
244428	6	750
244428	6	270
244428	6	740
244428	6	750
244428	6	750
244428	6	750
244428	6	750
4586	6	220
4586	6	379
4586	6	280
4586	6	300
4586	6	480
4586	6	380
4586	6	350
4586	6	310
4586	6	219
53040	6	840
53040	6	1040
53040	6	940
53040	6	1090
53040	6	935
53040	6	840
53040	6	850
53040	6	940
53040	6	1040
53040	6	1040
53040	6	1090
53040	6	940
53040	6	1040
53040	6	1040
53040	6	1090
53040	6	1200
53040	6	940
53040	6	840
53040	6	850
53040	6	940
53040	6	1040
53040	6	1040
53040	6	840
53040	6	1090
53040	6	940
53040	6	1040
53040	6	1040
53040	6	1040
53040	6	1090
53040	6	1200
53040	6	940
53040	6	1040
53040	6	940
53040	6	1090
53040	6	940
53040	6	940
53040	6	1090
53040	6	1200
53040	6	1035
53040	6	1040
53040	6	1040
53040	6	1040
53040	6	710
53040	6	585
53040	6	1040
53040	6	940
53040	6	840
53040	6	1040
53040	6	700
53040	6	972
53040	6	1090
53040	6	532
53040	6	532
34002	6	600
34002	6	1030
34002	6	600
34002	6	1360
34002	6	800
34002	6	600
34002	6	850
34002	6	950
34002	6	950
34002	6	1360
34002	6	600
34002	6	950
34002	6	1140
34002	6	550
34002	6	1030
34002	6	1260
34002	6	600
34002	6	950
34002	6	520
34002	6	950
34002	6	1360
34002	6	600
34002	6	550
34002	6	1140
34002	6	950
34002	6	520
34002	6	800
34002	6	950
34002	6	1030
34002	6	600
34002	6	800
34002	6	890
34002	6	1605
34002	6	509
34002	6	850
34002	6	1360
34002	6	600
34002	6	950
34002	6	1610
34002	6	549
34002	6	950
34002	6	650
34002	6	850
34002	6	950
34002	6	950
34002	6	950
34002	6	600
34002	6	1360
34002	6	950
34002	6	950
34002	6	630
34002	6	1260
34002	6	800
34002	6	500
34002	6	490
35135	6	700
35135	6	930
35135	6	840
35135	6	700
35135	6	930
35135	6	840
35135	6	665
35135	6	800
35135	6	800
35135	6	800
35135	6	930
35135	6	980
35135	6	800
35135	6	900
35135	6	900
35135	6	800
35135	6	930
35135	6	840
35135	6	900
35135	6	800
35135	6	980
35135	6	930
35135	6	800
35135	6	900
35135	6	800
35135	6	900
35135	6	930
35135	6	800
35135	6	830
35135	6	900
35135	6	900
35135	6	800
35135	6	900
35135	6	800
35135	6	800
35135	6	980
35135	6	930
35135	6	800
35135	6	710
35135	6	700
35135	6	800
35135	6	930
35135	6	840
35135	6	800
35135	6	900
35135	6	579
35135	6	710
35135	6	520
35135	6	900
35135	6	900
233935	6	800
233935	6	749
233935	6	780
233935	6	880
233935	6	715
233935	6	1170
233935	6	1170
233935	6	720
233935	6	700
233935	6	646
233935	6	514
32899	6	500
32899	6	500
32899	6	450
32899	6	1200
32899	6	520
32899	6	1320
32899	6	1080
32899	6	550
32899	6	550
32899	6	530
32899	6	1200
32899	6	550
32899	6	1080
32899	6	1320
32899	6	600
32899	6	500
32899	6	460
32899	6	450
32899	6	1200
32899	6	450
32899	6	1320
32899	6	420
32899	6	470
32899	6	1010
32899	6	390
32899	6	500
32899	6	1010
32899	6	450
46138	6	1060
46138	6	449
46138	6	462
46138	6	1210
46138	6	450
46138	6	1040
46138	6	950
46138	6	500
46138	6	1040
46138	6	520
46138	6	540
46138	6	560
46138	6	560
46138	6	1210
46138	6	603
46138	6	560
46138	6	1040
46138	6	950
46138	6	540
46138	6	520
46138	6	500
46138	6	1040
46138	6	500
52162	6	510
52162	6	1030
52162	6	1030
52162	6	450
52162	6	485
52162	6	1030
52162	6	1030
52162	6	500
52162	6	1060
52162	6	940
52162	6	500
52162	6	1030
52162	6	840
52162	6	550
52162	6	420
52162	6	1070
52162	6	710
52162	6	416
52162	6	940
52162	6	450
52162	6	1060
35738	6	600
35738	6	620
35738	6	1330
35738	6	520
35738	6	450
35738	6	720
35738	6	1330
35738	6	690
35738	6	1080
35738	6	500
34006	6	760
34006	6	1430
34006	6	750
34006	6	850
34006	6	700
34006	6	1200
34006	6	659
34006	6	1200
34006	6	750
34006	6	620
40203	6	500
40203	6	550
40203	6	680
40203	6	450
40203	6	1500
40203	6	630
40203	6	430
40203	6	429
40203	6	1470
40203	6	1500
40203	6	1220
40203	6	600
40203	6	1500
40541	6	590
40541	6	418
40541	6	1040
40541	6	780
40541	6	560
223044	6	810
223044	6	520
223044	6	810
223044	6	690
223044	6	500
223044	6	420
223044	6	820
223044	6	520
223044	6	350
223044	6	450
234535	6	550
234535	6	660
234535	6	500
234535	6	820
234535	6	670
234535	6	670
234535	6	583
234535	6	410
234535	6	610
234535	6	710
234535	6	427
234535	6	410
234535	6	610
234535	6	450
34012	6	520
34012	6	430
34012	6	270
34012	6	310
34012	6	430
34012	6	520
34012	6	370
34012	6	270
34012	6	240
34012	6	530
34012	6	228
53204	6	920
53204	6	1080
53204	6	1000
53204	6	790
53204	6	1090
53204	6	1080
53204	6	1400
53204	6	1540
53204	6	891
53204	6	920
53204	6	1400
53204	6	1270
53204	6	1400
53204	6	1080
53204	6	920
53204	6	1140
53204	6	1080
53204	6	729
53204	6	1090
53204	6	1090
44262	6	970
44262	6	1180
44262	6	1160
44262	6	800
44262	6	1100
44262	6	1270
44262	6	800
44262	6	800
44262	6	800
44262	6	769
44262	6	970
44262	6	1180
44262	6	1160
44262	6	1160
44262	6	850
44262	6	1160
44262	6	1040
44262	6	850
44262	6	860
44262	6	945
44262	6	1100
44262	6	1210
44262	6	1240
44262	6	1270
44262	6	1510
44262	6	1050
44262	6	1160
44262	6	1160
44262	6	800
44262	6	769
44262	6	840
43158	6	459
43158	6	630
43158	6	760
43158	6	608
43158	6	730
43158	6	770
43158	6	765
43158	6	770
43158	6	520
43158	6	620
43158	6	467
43158	6	630
43158	6	630
43158	6	565
43158	6	470
43158	6	380
43158	6	337
43158	6	355
43158	6	308
43256	6	760
43256	6	199
43256	6	219
43256	6	470
43256	6	259
46168	6	269
46168	6	300
46168	6	570
46168	6	700
46168	6	399
46168	6	580
46168	6	380
46168	6	680
46168	6	300
46168	6	319
46168	6	360
46168	6	300
46168	6	220
46168	6	580
46168	6	680
46168	6	282
224645	6	1050
224645	6	1050
224645	6	960
224645	6	700
224645	6	900
224645	6	1390
224645	6	1160
224645	6	900
224645	6	609
224645	6	1250
224645	6	700
224645	6	900
224645	6	1160
224645	6	1390
224645	6	900
224645	6	700
224645	6	800
224645	6	640
224645	6	1614
224645	6	890
224645	6	700
224645	6	1250
224645	6	900
224645	6	1390
224645	6	900
224645	6	1160
224645	6	1050
224645	6	960
224645	6	700
224645	6	1250
224645	6	900
224645	6	670
224645	6	700
224645	6	1250
224645	6	700
224645	6	960
224645	6	1160
224645	6	900
224645	6	900
224645	6	1390
224645	6	900
224645	6	900
224645	6	1250
224645	6	700
224645	6	1250
224645	6	700
224645	6	640
224645	6	890
224645	6	1160
224645	6	900
224645	6	1390
224645	6	900
224645	6	900
224645	6	1390
224645	6	900
224645	6	1160
224645	6	549
224645	6	700
224645	6	579
55239	6	240
55239	6	270
55239	6	320
55239	6	320
55239	6	650
55239	6	350
55239	6	350
55239	6	320
55239	6	230
55239	6	200
63945	6	810
63945	6	660
63945	6	660
63945	6	425
63945	6	590
63945	6	720
63945	6	510
63945	6	459
63945	6	545
63945	6	1110
63945	6	1080
63945	6	710
63945	6	506
63945	6	400
32886	6	490
32886	6	500
32886	6	545
32886	6	630
32886	6	595
32886	6	545
32886	6	560
32886	6	630
32886	6	470
32886	6	770
32886	6	530
43835	6	450
43835	6	690
43835	6	800
43835	6	458
43835	6	840
43835	6	570
43835	6	680
43835	6	800
43835	6	650
43835	6	450
43835	6	450
43835	6	690
43835	6	800
43835	6	389
43835	6	680
43835	6	419
43835	6	463
35736	6	520
35736	6	439
35736	6	600
35736	6	560
35736	6	509
35736	6	560
35736	6	440
38174	6	440
38174	6	950
38174	6	500
38174	6	860
38174	6	590
38174	6	650
38174	6	860
38174	6	1120
38174	6	500
38174	6	770
38174	6	550
38174	6	950
38174	6	460
38174	6	1040
38174	6	400
38174	6	1040
273335	6	500
273335	6	450
273335	6	1220
273335	6	1200
273335	6	600
273335	6	920
273335	6	500
273335	6	500
273335	6	1020
273335	6	550
273335	6	449
273335	6	1110
273335	6	450
33493	6	1160
33493	6	530
33493	6	620
33493	6	630
33493	6	1050
33493	6	630
33493	6	1050
33493	6	860
33493	6	1050
33493	6	630
33493	6	510
203895	6	312
203895	6	300
203895	6	300
203895	6	350
203895	6	294
203895	6	405
203895	6	410
203895	6	410
203895	6	405
203895	6	405
203895	6	410
203895	6	400
203895	6	950
203895	6	545
203895	6	350
203895	6	405
203895	6	410
203895	6	920
203895	6	280
203895	6	250
203895	6	410
203895	6	250
203895	6	950
205028	6	280
205028	6	1220
205028	6	280
205028	6	1010
205028	6	394
205028	6	340
205028	6	339
205028	6	450
205028	6	410
205028	6	1010
205028	6	320
205028	6	1010
205028	6	340
205028	6	270
205028	6	1220
205028	6	1220
205028	6	1220
205028	6	1220
233935	6	450
233935	6	500
233935	6	400
233935	6	400
233935	6	300
233935	6	294
233935	6	400
233935	6	259
233935	6	1170
233935	6	1170
233935	6	250
202792	6	820
202792	6	560
202792	6	296
202792	6	286
202792	6	710
202792	6	350
202792	6	870
202792	6	870
202792	6	720
202792	6	300
202792	6	720
202792	6	320
205631	6	520
205631	6	640
205631	6	640
205631	6	390
205631	6	350
205631	6	320
205631	6	300
210096	6	466
210096	6	480
210096	6	610
210096	6	560
210096	6	400
210096	6	560
210096	6	430
210434	6	460
210434	6	430
210434	6	430
210434	6	500
210434	6	480
210434	6	418
210434	6	344
404428	6	480
404428	6	300
203905	6	330
203905	6	194
203905	6	279
203905	6	530
203905	6	300
203905	6	250
203905	6	194
203905	6	180
203905	6	370
223097	6	490
223097	6	650
223097	6	1500
223097	6	500
223097	6	350
213051	6	390
213051	6	346
213051	6	380
213051	6	1230
213051	6	430
213051	6	450
213051	6	1220
213051	6	1230
213051	6	430
205031	6	220
205031	6	700
205031	6	760
205031	6	214
205031	6	370
205031	6	259
205031	6	234
205031	6	214
205031	6	200
205031	6	186
205031	6	150
213149	6	970
213149	6	1050
213149	6	450
213149	6	300
213149	6	1050
213149	6	280
213149	6	1100
213149	6	299
216061	6	450
216061	6	1050
216061	6	300
216061	6	300
216061	6	950
216061	6	300
394538	6	1270
394538	6	350
394538	6	1160
394538	6	350
394538	6	320
394538	6	533
394538	6	1160
394538	6	520
394538	6	1160
394538	6	520
394538	6	1160
394538	6	520
394538	6	1270
394538	6	470
394538	6	400
394538	6	396
394538	6	632
225132	6	590
225132	6	330
225132	6	340
233838	6	200
233838	6	285
233838	6	330
233838	6	290
233838	6	630
233838	6	210
233838	6	499
233838	6	200
233838	6	200
213728	6	760
213728	6	620
213728	6	410
213728	6	319
205629	6	937
208067	6	410
208067	6	484
443228	6	850
443228	6	850
443228	6	230
443228	6	244
443228	6	470
443228	6	200
443228	6	1030
443228	6	170
443228	6	1020
443228	6	690
443228	6	755
203386	6	710
203386	6	710
203386	6	580
203386	6	500
21897	6	255
21897	6	300
21897	6	210
21897	6	300
21897	6	260
21897	6	255
21897	6	260
21897	6	1190
21897	6	770
21897	6	350
21897	6	1190
21897	6	260
21897	6	499
21897	6	1190
21897	6	260
21897	6	260
21897	6	730
21897	6	259
21897	6	1450
21897	6	295
21897	6	300
21897	6	300
21897	6	285
21897	6	300
21897	6	280
21897	6	200
21897	6	480
21897	6	250
21897	6	300
21897	6	1190
21897	6	499
21897	6	180
21897	6	1080
21897	6	1080
3992	6	520
3992	6	445
3992	6	470
3992	6	700
3992	6	700
3992	6	760
3992	6	570
3992	6	330
3992	6	319
3992	6	760
3992	6	310
3992	6	520
3992	6	230
3992	6	335
3992	6	300
3992	6	220
3992	6	310
3992	6	335
3992	6	300
3992	6	760
3992	6	230
3992	6	310
3992	6	280
3992	6	335
3992	6	300
3992	6	250
3992	6	310
3992	6	319
3992	6	230
3992	6	319
3992	6	200
3992	6	211
3992	6	740
3992	6	690
3992	6	190
3992	6	187
3992	6	760
3992	6	760
3992	6	760
3992	6	760
3992	6	760
3992	6	760
3992	6	760
3992	6	760
3992	6	760
32899	6	1080
32899	6	1320
32899	6	420
32899	6	450
32899	6	1200
32899	6	450
32899	6	700
32899	6	695
32899	6	695
32899	6	550
32899	6	550
32899	6	1320
32899	6	550
32899	6	1200
32899	6	550
32899	6	1320
32899	6	1080
32899	6	500
32899	6	445
32899	6	1200
32899	6	400
32899	6	400
32899	6	375
32899	6	340
32899	6	1010
32899	6	445
32899	6	1010
32899	6	390
202792	6	790
202792	6	710
202792	6	870
202792	6	250
202792	6	820
202792	6	220
202792	6	720
202792	6	280
202792	6	294
202792	6	355
202792	6	720
202792	6	380
4595	6	430
4595	6	590
4595	6	1050
4595	6	300
4595	6	200
4595	6	1250
4595	6	1250
4595	6	1250
4595	6	390
4595	6	300
4595	6	300
4595	6	1050
2863	6	220
2863	6	1180
2863	6	320
2863	6	320
2863	6	320
2863	6	1180
2863	6	280
2863	6	200
2863	6	200
2863	6	1180
2863	6	1180
2863	6	1180
2863	6	290
9060	6	1100
9060	6	350
9060	6	400
9060	6	350
9060	6	990
9060	6	1200
9060	6	300
9060	6	270
9060	6	1100
9060	6	270
9060	6	300
9060	6	990
9060	6	300
9060	6	300
9060	6	1100
9060	6	1100
9060	6	1100
9398	6	780
9398	6	400
9398	6	860
9398	6	560
9398	6	397
9398	6	490
9398	6	479
191901	6	335
191901	6	289
191901	6	410
191901	6	300
191901	6	410
191901	6	219
191901	6	300
191901	6	230
203392	6	290
203392	6	290
203392	6	650
203392	6	299
203392	6	650
203392	6	225
203392	6	250
203392	6	670
203392	6	300
203392	6	290
203392	6	140
2869	6	315
2869	6	260
2869	6	710
2869	6	450
2869	6	630
2869	6	333
2869	6	560
2869	6	930
2869	6	630
2869	6	710
2869	6	420
2869	6	350
2869	6	870
2869	6	345
2869	6	299
2869	6	247
2869	6	295
2869	6	255
2869	6	245
2869	6	770
2869	6	740
2869	6	247
2869	6	240
2869	6	240
22061	6	1390
22061	6	1610
22061	6	1290
22061	6	1410
22061	6	1940
22061	6	797
22061	6	980
22061	6	619
22061	6	650
22061	6	1940
22061	6	1940
13119	6	2200
13119	6	2140
13119	6	2140
13119	6	1900
12015	6	495
12015	6	1170
12015	6	500
12015	6	1220
12015	6	1290
12015	6	500
12015	6	1050
12015	6	505
12015	6	595
12015	6	570
12015	6	1270
12015	6	401
12015	6	1170
12015	6	580
12015	6	555
12015	6	495
12015	6	466
12015	6	419
12015	6	477
3995	6	1080
3995	6	1080
3995	6	300
3995	6	980
3995	6	980
3995	6	350
3995	6	1080
3995	6	980
3995	6	300
3995	6	1020
3995	6	260
3995	6	270
3995	6	1080
3995	6	400
3995	6	980
3995	6	980
3995	6	400
3995	6	980
3995	6	980
3995	6	300
3995	6	1080
3995	6	300
3995	6	300
3995	6	980
3995	6	980
3995	6	300
3995	6	270
3995	6	1080
3995	6	280
3995	6	820
3995	6	224
3995	6	250
3995	6	980
3995	6	980
3995	6	300
3995	6	1080
12113	6	770
12113	6	338
12113	6	320
12113	6	840
12113	6	680
12113	6	420
12113	6	840
12113	6	870
12113	6	360
12113	6	760
12113	6	700
12113	6	390
12113	6	420
12113	6	870
12113	6	370
12113	6	510
12113	6	340
12113	6	870
12113	6	320
12113	6	320
12113	6	595
12113	6	870
12113	6	870
15025	6	227
15025	6	230
15025	6	500
15025	6	460
15025	6	880
15025	6	250
15025	6	800
15025	6	460
15025	6	880
15025	6	880
193502	6	900
193502	6	250
193502	6	250
193502	6	300
193502	6	300
193502	6	750
193502	6	890
193502	6	750
193502	6	1010
193502	6	400
193502	6	1010
193502	6	890
193502	6	409
193502	6	400
193502	6	300
193502	6	300
193502	6	300
193502	6	300
193502	6	890
193502	6	1010
193502	6	308
193502	6	300
193502	6	300
193502	6	309
193502	6	890
193502	6	1010
193502	6	290
193502	6	300
193502	6	300
193502	6	308
193502	6	890
193502	6	1010
193502	6	300
193502	6	300
193502	6	900
193502	6	280
193502	6	309
193502	6	890
193502	6	300
193502	6	250
193502	6	245
193502	6	240
193502	6	900
193502	6	199
193502	6	900
193502	6	900
193502	6	900
193502	6	900
193502	6	900
193502	6	900
193502	6	900
24096	6	230
24096	6	340
24096	6	340
24096	6	330
24096	6	450
24096	6	450
24096	6	450
32802	6	500
32802	6	320
32802	6	400
32802	6	500
32802	6	400
4593	6	197
4593	6	260
4593	6	310
4593	6	350
4593	6	345
4593	6	310
4593	6	310
4593	6	560
4593	6	309
4593	6	310
4593	6	310
4593	6	560
4593	6	560
4593	6	560
242192	6	365
242192	6	580
242192	6	460
242192	6	580
242192	6	576
242192	6	580
242192	6	640
242192	6	560
242192	6	550
242192	6	640
242192	6	555
242192	6	580
242192	6	450
242192	6	580
242192	6	430
35136	6	960
35136	6	960
35136	6	960
35136	6	960
35136	6	960
35136	6	960
35136	6	960
35136	6	400
17231	6	240
17231	6	850
17231	6	284
17231	6	990
17231	6	260
17231	6	260
17231	6	850
17231	6	323
17231	6	990
17231	6	347
17231	6	990
17231	6	280
17231	6	850
17231	6	280
17231	6	269
17231	6	269
17231	6	400
17231	6	990
17231	6	400
17231	6	850
17231	6	280
17231	6	270
17231	6	280
17231	6	270
17231	6	990
17231	6	327
17231	6	850
17231	6	270
17231	6	260
17231	6	990
17231	6	319
17231	6	850
17231	6	270
17231	6	990
17231	6	850
17231	6	260
17231	6	325
17231	6	250
17231	6	260
17231	6	260
17231	6	850
17231	6	240
17231	6	307
17231	6	990
17231	6	240
17231	6	220
17231	6	199
46138	6	460
46138	6	1060
46138	6	489
46138	6	1040
46138	6	1210
46138	6	500
46138	6	509
46138	6	950
46138	6	1040
46138	6	600
46138	6	500
46138	6	500
46138	6	500
46138	6	1210
46138	6	1040
46138	6	491
46138	6	480
46138	6	460
46138	6	950
46138	6	1040
46138	6	450
46138	6	450
46138	6	440
17834	6	207
17834	6	310
17834	6	300
17834	6	420
17834	6	199
16102	6	170
16102	6	220
16102	6	220
16102	6	200
16102	6	190
16102	6	150
16102	6	180
22299	6	840
22299	6	990
22299	6	940
22299	6	440
22299	6	940
22299	6	400
22299	6	399
22299	6	395
22299	6	300
22299	6	520
22637	6	340
22637	6	339
22637	6	300
22637	6	260
205140	6	390
205140	6	360
205140	6	290
216631	6	220
216631	6	200
216631	6	460
216631	6	460
216631	6	400
216631	6	240
216631	6	259
16108	6	345
16108	6	350
16108	6	455
16108	6	400
16108	6	345
16108	6	670
16108	6	400
16108	6	580
16108	6	400
16108	6	340
16108	6	415
16108	6	345
16108	6	289
16108	6	345
35300	6	1090
35300	6	1510
35300	6	610
35300	6	1280
35300	6	980
35300	6	850
35300	6	1290
35300	6	679
35300	6	680
26358	6	1820
26358	6	1720
26358	6	1720
26358	6	1702
25254	6	425
25254	6	445
25254	6	425
25254	6	1060
25254	6	420
25254	6	425
25254	6	343
25254	6	420
25254	6	950
25254	6	425
25254	6	425
25254	6	760
25254	6	302
25254	6	425
25254	6	350
25254	6	425
25254	6	760
25254	6	262
17234	6	230
17234	6	360
17234	6	350
17234	6	730
17234	6	300
17234	6	730
17234	6	300
17234	6	319
17234	6	670
17234	6	320
17234	6	300
17234	6	330
17234	6	310
17234	6	870
17234	6	870
17234	6	710
17234	6	380
17234	6	270
17234	6	250
17234	6	730
17234	6	238
25352	6	294
25352	6	365
25352	6	400
25352	6	400
25352	6	330
25352	6	400
25352	6	300
25352	6	480
25352	6	299
25352	6	279
28264	6	555
28264	6	490
28264	6	670
28264	6	830
28264	6	610
28264	6	990
28264	6	610
206741	6	290
206741	6	1270
206741	6	299
206741	6	1090
206741	6	300
206741	6	1270
206741	6	391
206741	6	1090
206741	6	380
206741	6	400
206741	6	1270
206741	6	1090
206741	6	432
206741	6	380
206741	6	409
206741	6	400
206741	6	1270
206741	6	1090
206741	6	539
206741	6	400
206741	6	1270
206741	6	1090
206741	6	410
206741	6	650
206741	6	400
206741	6	1270
206741	6	1090
206741	6	424
206741	6	329
206741	6	320
206741	6	1270
206741	6	1090
206741	6	290
206741	6	269
206741	6	280
206741	6	297
206741	6	1270
206741	6	1090
206741	6	260
206741	6	270
206741	6	249
206741	6	270
46041	6	230
46041	6	695
46041	6	605
46041	6	296
46041	6	480
46041	6	270
46041	6	260
46041	6	510
46041	6	271
46041	6	220
46041	6	265
46041	6	200
25931	6	370
25931	6	450
17832	6	350
20270	6	285
20270	6	586
20270	6	590
20270	6	390
20270	6	340
20270	6	280
255431	6	320
255431	6	500
255431	6	330
255431	6	500
255431	6	320
255431	6	300
255431	6	390
255431	6	300
255431	6	295
255431	6	255
255431	6	390
255431	6	250
22122	6	350
22122	6	800
22122	6	690
22122	6	290
22122	6	270
23255	6	460
23255	6	810
23255	6	920
23255	6	660
23255	6	580
23255	6	593
23255	6	810
23255	6	950
23255	6	430
23255	6	400
23255	6	810
23255	6	920
23255	6	550
23255	6	950
23255	6	810
23255	6	350
23255	6	406
23255	6	360
23255	6	950
23255	6	391
23255	6	380
23255	6	810
52162	6	1060
52162	6	940
52162	6	500
52162	6	1030
52162	6	1030
52162	6	560
52162	6	510
52162	6	940
52162	6	940
52162	6	1060
52162	6	940
52162	6	500
52162	6	410
52162	6	400
52162	6	710
52162	6	1070
52162	6	417
52162	6	449
52162	6	1030
52162	6	320
52162	6	840
52162	6	1030
23858	6	620
23858	6	480
23858	6	500
23858	6	425
23858	6	700
23858	6	620
23858	6	250
23858	6	300
22126	6	380
22126	6	520
22126	6	420
22126	6	320
22126	6	279
22126	6	450
28323	6	700
28323	6	860
28323	6	420
28323	6	780
28323	6	510
28323	6	360
28323	6	700
28323	6	860
28323	6	860
28323	6	520
28323	6	360
28661	6	830
28661	6	810
22132	6	470
22132	6	530
22132	6	260
22132	6	295
22132	6	490
22132	6	290
22132	6	310
22132	6	470
22132	6	420
22132	6	256
22132	6	530
22132	6	470
22132	6	220
22132	6	197
41324	6	1080
41324	6	1430
41324	6	1050
41324	6	670
41324	6	630
41324	6	1430
41324	6	1430
41324	6	700
41324	6	670
31278	6	1250
31278	6	350
31278	6	500
31278	6	350
31278	6	400
31278	6	820
31278	6	1250
31278	6	910
31278	6	1250
31278	6	337
31278	6	1050
31278	6	1210
31278	6	350
23258	6	790
23258	6	900
23258	6	320
23258	6	910
23258	6	870
23258	6	500
23258	6	870
23258	6	900
23258	6	790
23258	6	520
23258	6	790
23258	6	300
23258	6	280
23258	6	790
23258	6	240
23258	6	260
23258	6	240
23258	6	790
23258	6	900
23258	6	220
31376	6	458
31376	6	380
31376	6	820
31376	6	820
31376	6	990
31376	6	420
31376	6	360
31376	6	820
31376	6	820
31376	6	330
31376	6	330
31376	6	990
31376	6	820
31376	6	680
31376	6	243
31376	6	750
34288	6	1070
34288	6	950
34288	6	450
34288	6	980
34288	6	400
34288	6	400
34288	6	950
212765	6	1170
212765	6	1310
212765	6	320
212765	6	550
212765	6	1170
212765	6	500
212765	6	1310
212765	6	392
212765	6	1360
212765	6	450
212765	6	459
212765	6	1170
212765	6	420
212765	6	429
212765	6	1360
212765	6	1170
212765	6	400
212765	6	1170
212765	6	1310
212765	6	379
212765	6	200
43359	6	340
52065	6	630
52065	6	710
52065	6	250
52065	6	350
52065	6	630
52065	6	630
52065	6	370
52065	6	380
52065	6	290
52065	6	220
52065	6	630
52065	6	199
52065	6	690
31955	6	790
31955	6	340
31955	6	357
31955	6	570
31955	6	289
26294	6	910
26294	6	727
26294	6	730
261455	6	490
261455	6	790
261455	6	700
261455	6	490
261455	6	490
261455	6	700
261455	6	790
261455	6	490
261455	6	700
261455	6	790
261455	6	700
261455	6	490
261455	6	700
261455	6	420
21613	6	550
24736	6	450
24736	6	530
24736	6	306
24736	6	400
24736	6	450
24736	6	450
24736	6	240
24736	6	600
24736	6	300
5698	6	250
5698	6	250
5698	6	234
5698	6	350
5698	6	250
5698	6	250
5698	6	250
5698	6	250
5698	6	190
5698	6	200
5698	6	200
5698	6	200
5698	6	150
5698	6	220
6831	6	700
6831	6	388
6831	6	420
6831	6	350
6831	6	308
6831	6	1340
6831	6	300
6831	6	1560
6831	6	410
6831	6	399
35738	6	630
35738	6	800
35738	6	830
35738	6	1330
35738	6	549
35738	6	800
35738	6	1330
35738	6	599
35738	6	1080
35738	6	500
205631	6	240
205631	6	270
205631	6	520
205631	6	640
205631	6	640
205631	6	390
205631	6	350
4595	6	480
4595	6	430
4595	6	330
4595	6	1050
4595	6	300
4595	6	390
4595	6	1250
4595	6	1250
4595	6	1250
4595	6	390
4595	6	300
4595	6	1050
17834	6	380
17834	6	350
17834	6	300
17834	6	420
17834	6	309
23858	6	620
23858	6	620
23858	6	430
23858	6	500
23858	6	462
23858	6	700
23858	6	620
23858	6	480
12237	6	620
194740	6	475
194740	6	290
5708	6	460
5708	6	550
5708	6	460
5708	6	417
24900	6	1260
14854	6	510
14854	6	630
14854	6	1980
14854	6	550
14854	6	530
6834	6	600
6834	6	1140
6834	6	1140
6834	6	700
6834	6	1410
6834	6	600
6834	6	1250
14952	6	1320
14952	6	920
14952	6	920
17864	6	1110
17864	6	1030
196341	6	910
196341	6	1720
196341	6	812
196341	6	1480
196341	6	810
196341	6	710
196341	6	710
196341	6	710
196341	6	1660
196341	6	1660
196341	6	390
26935	6	1000
26935	6	610
35641	6	590
35641	6	580
35641	6	520
4582	6	380
4582	6	337
15531	6	360
15531	6	270
7432	6	450
7432	6	300
7432	6	300
7432	6	747
7432	6	250
7432	6	250
7432	6	220
9870	6	1078
9870	6	1080
9870	6	880
245031	6	1190
245031	6	440
245031	6	1190
245031	6	440
245031	6	440
245031	6	1310
245031	6	1310
245031	6	390
5189	6	910
5189	6	540
5189	6	380
23004	6	780
23004	6	920
23004	6	920
23004	6	920
23004	6	790
23004	6	780
3966	6	500
3966	6	500
3966	6	500
3966	6	500
3966	6	500
3966	6	500
3966	6	500
3966	6	500
3966	6	500
3966	6	500
3966	6	400
3966	6	384
3966	6	400
3966	6	400
3966	6	400
3966	6	400
3966	6	500
3966	6	500
3966	6	420
3966	6	300
5099	6	980
5099	6	800
5099	6	800
5099	6	650
5099	6	800
5099	6	1220
5099	6	1420
5099	6	800
5099	6	619
5099	6	310
5099	6	329
34006	6	800
34006	6	800
34006	6	1430
34006	6	800
34006	6	800
34006	6	679
34006	6	1200
34006	6	679
34006	6	1200
34006	6	600
2863	6	450
2863	6	450
2863	6	480
2863	6	440
2863	6	1180
2863	6	350
2863	6	440
2863	6	1180
2863	6	1180
2863	6	1180
2863	6	1180
2863	6	290
16102	6	460
16102	6	300
16102	6	460
16102	6	300
16102	6	170
16102	6	174
16102	6	170
16102	6	210
22126	6	480
22126	6	420
22126	6	520
22126	6	280
22126	6	260
22126	6	450
10505	6	287
10505	6	300
10505	6	238
10505	6	500
10505	6	350
193008	6	540
193008	6	420
193008	6	320
204499	6	572
204499	6	455
204499	6	670
204499	6	690
204499	6	670
204499	6	390
3976	6	440
3976	6	400
3976	6	400
3976	6	350
3976	6	350
3976	6	900
3976	6	1050
3976	6	250
3976	6	260
3976	6	220
23168	6	1590
13122	6	1570
13122	6	640
13122	6	444
13122	6	550
13122	6	550
13122	6	450
13122	6	1410
13122	6	1410
13122	6	480
13122	6	470
5102	6	420
5102	6	420
5102	6	290
5102	6	349
5102	6	350
5102	6	1000
5102	6	440
5102	6	1000
5102	6	340
5102	6	1110
5102	6	1110
5102	6	1150
5102	6	330
13220	6	920
13220	6	960
13220	6	709
16132	6	760
194609	6	1000
194609	6	1710
194609	6	992
194609	6	1470
194609	6	990
194609	6	800
194609	6	840
194609	6	1470
194609	6	842
194609	6	1710
194609	6	550
194609	6	1650
194609	6	599
194609	6	1650
194609	6	440
25203	6	360
25203	6	410
33909	6	1280
33909	6	360
33909	6	892
33909	6	860
33909	6	630
33909	6	1070
33909	6	380
33909	6	1070
33909	6	1070
2850	6	249
2850	6	210
2850	6	220
13799	6	440
13799	6	1890
13799	6	750
13799	6	430
13799	6	400
5700	6	1040
5700	6	840
5700	6	840
5700	6	840
5700	6	630
5700	6	620
5700	6	620
5700	6	620
5700	6	430
8138	6	1070
8138	6	690
8138	6	590
8138	6	1070
8138	6	490
243299	6	1160
243299	6	430
243299	6	900
243299	6	839
243299	6	1050
243299	6	420
243299	6	1190
243299	6	340
3457	6	680
3457	6	430
3457	6	299
3457	6	300
29201	6	350
29201	6	450
29201	6	370
29201	6	830
29201	6	450
29201	6	400
29201	6	320
29201	6	400
29201	6	830
29201	6	300
29201	6	280
29201	6	830
29201	6	295
29201	6	249
29201	6	260
29201	6	830
10163	6	430
10163	6	350
10163	6	1070
10163	6	880
10163	6	300
10163	6	330
10163	6	890
10163	6	350
10163	6	350
10163	6	300
10163	6	450
10163	6	270
10163	6	299
10163	6	300
10163	6	190
10163	6	600
10163	6	170
10163	6	170
10163	6	1570
11296	6	700
11296	6	770
11296	6	629
11296	6	600
11296	6	1960
11296	6	611
11296	6	1690
11296	6	620
40203	6	550
40203	6	550
40203	6	450
40203	6	1500
40203	6	700
40203	6	430
40203	6	910
40203	6	1470
40203	6	359
40203	6	1500
40203	6	1220
40203	6	500
40203	6	1500
210096	6	560
210096	6	450
210096	6	610
210096	6	560
210096	6	380
210096	6	480
210096	6	386
9060	6	410
9060	6	610
9060	6	1100
9060	6	1100
9060	6	430
9060	6	380
9060	6	550
9060	6	300
9060	6	1200
9060	6	990
9060	6	400
9060	6	1400
9060	6	1300
9060	6	300
9060	6	1100
9060	6	1100
9060	6	1100
22299	6	430
22299	6	940
22299	6	430
22299	6	990
22299	6	940
22299	6	520
22299	6	840
22299	6	419
22299	6	535
22299	6	520
28323	6	510
28323	6	770
28323	6	700
28323	6	780
28323	6	470
28323	6	780
28323	6	380
28323	6	320
28323	6	700
28323	6	250
28323	6	860
28323	6	860
6156	6	260
16702	6	650
199205	6	269
199205	6	328
199205	6	297
199205	6	210
210696	6	920
210696	6	900
210696	6	1050
210696	6	1010
210696	6	660
10173	6	450
10173	6	1070
10173	6	500
10173	6	395
10173	6	409
10173	6	450
10173	6	1070
10173	6	690
10173	6	870
10173	6	970
10173	6	400
29365	6	1440
19319	6	600
19319	6	1640
19319	6	2090
19319	6	2010
19319	6	2010
19319	6	680
19319	6	599
19319	6	1140
19319	6	2090
19319	6	2010
19319	6	540
19319	6	670
11299	6	620
11299	6	1220
11299	6	1190
11299	6	1390
11299	6	600
11299	6	565
11299	6	1190
11299	6	610
11299	6	1340
11299	6	1090
11299	6	1340
11299	6	610
11299	6	500
11299	6	400
19417	6	1200
19417	6	1470
19417	6	660
19417	6	600
19417	6	600
19417	6	820
22329	6	1430
22329	6	822
22329	6	1660
22329	6	810
22329	6	1280
22329	6	890
22329	6	1570
22329	6	1570
200806	6	680
200806	6	1920
200806	6	1280
200806	6	1650
200806	6	710
200806	6	640
200806	6	600
200806	6	349
200806	6	449
200806	6	400
200806	6	340
31400	6	1110
31400	6	1220
31400	6	900
31400	6	810
31400	6	600
40106	6	990
40106	6	1260
40106	6	1220
40106	6	1220
40106	6	550
40106	6	540
40106	6	540
40106	6	1220
40106	6	450
9047	6	570
19996	6	1060
19996	6	1170
19996	6	1040
19996	6	640
11897	6	810
11897	6	494
11897	6	950
11897	6	450
11897	6	560
11897	6	328
11897	6	349
14335	6	350
249496	6	1380
249496	6	590
249496	6	1450
249496	6	583
249496	6	1250
249496	6	570
249496	6	1380
249496	6	560
249496	6	589
249496	6	1380
249496	6	510
9654	6	450
9654	6	410
29539	6	260
29539	6	260
10501	6	800
10501	6	396
10501	6	500
10501	6	495
10501	6	960
10501	6	290
10501	6	200
11634	6	320
11634	6	380
11634	6	980
11634	6	300
11634	6	200
11634	6	160
11634	6	509
40541	6	780
40541	6	560
40541	6	348
40541	6	340
210434	6	460
210434	6	430
210434	6	420
210434	6	460
210434	6	440
210434	6	346
210434	6	206
9398	6	780
9398	6	610
9398	6	860
9398	6	480
9398	6	300
9398	6	515
9398	6	399
22637	6	469
22637	6	340
22637	6	320
22637	6	360
28661	6	830
28661	6	830
12237	6	530
10505	6	330
10505	6	287
10505	6	219
10505	6	500
10505	6	333
16702	6	727
16702	6	730
16702	6	514
199543	6	320
199543	6	265
199543	6	280
199543	6	100
199543	6	109
211034	6	227
211034	6	188
10511	6	390
10511	6	300
10511	6	206
10511	6	450
10511	6	200
10511	6	390
10511	6	220
29703	6	690
29703	6	599
29703	6	650
19657	6	378
19657	6	424
11637	6	480
11637	6	400
11637	6	610
19755	6	317
201144	6	392
201144	6	530
201144	6	530
201144	6	392
31738	6	147
31738	6	640
31738	6	200
193004	6	480
193004	6	365
193004	6	412
193004	6	480
193004	6	365
193004	6	449
193004	6	342
193004	6	200
193004	6	200
193004	6	180
193004	6	260
194137	6	750
194137	6	350
194137	6	450
194137	6	399
194137	6	600
194137	6	463
194137	6	380
223044	6	810
223044	6	540
223044	6	580
223044	6	485
223044	6	810
223044	6	360
223044	6	820
223044	6	665
223044	6	350
223044	6	360
191901	6	480
191901	6	395
191901	6	480
191901	6	395
191901	6	289
191901	6	410
191901	6	219
191901	6	147
191901	6	210
191901	6	300
205140	6	309
205140	6	620
205140	6	602
194740	6	355
194740	6	270
193008	6	540
193008	6	520
193008	6	270
199205	6	362
199205	6	423
199205	6	219
199205	6	320
199543	6	280
199543	6	150
199543	6	320
199543	6	245
199543	6	129
193014	6	259
193014	6	260
212206	6	780
212206	6	575
212206	6	775
212206	6	530
212206	6	590
202160	6	960
202160	6	450
202160	6	1000
202160	6	600
202160	6	379
202160	6	1050
202160	6	770
202160	6	500
194140	6	390
194140	6	180
194140	6	390
194140	6	220
194140	6	169
194140	6	460
194140	6	259
194140	6	129
194140	6	160
194140	6	190
202258	6	490
202258	6	490
202258	6	510
202258	6	350
205170	6	580
205170	6	389
205170	6	410
383647	6	890
383647	6	520
383647	6	970
383647	6	970
383647	6	970
383647	6	540
383647	6	530
383647	6	970
383647	6	370
222947	6	500
222947	6	425
222947	6	530
222947	6	330
202837	6	360
202837	6	150
202837	6	180
197176	6	350
197176	6	640
197176	6	560
197176	6	260
432337	6	530
432337	6	230
432337	6	620
432337	6	545
432337	6	200
192495	6	390
192495	6	250
192495	6	180
223533	6	520
223533	6	220
204495	6	650
204495	6	580
204495	6	690
204495	6	820
204495	6	820
204495	6	770
204495	6	560
204495	6	800
204495	6	660
204495	6	690
204495	6	580
204495	6	590
204495	6	350
205628	6	400
205628	6	770
205628	6	400
205628	6	650
205628	6	500
205628	6	400
205628	6	400
234535	6	650
234535	6	660
234535	6	630
234535	6	583
234535	6	670
234535	6	820
234535	6	670
234535	6	450
234535	6	610
234535	6	477
234535	6	710
234535	6	320
234535	6	610
234535	6	380
404428	6	480
404428	6	250
203392	6	419
203392	6	650
203392	6	370
203392	6	360
203392	6	650
203392	6	370
203392	6	370
203392	6	250
203392	6	670
203392	6	410
203392	6	260
216631	6	200
216631	6	209
216631	6	250
216631	6	244
216631	6	300
216631	6	230
216631	6	200
204499	6	572
204499	6	670
204499	6	690
204499	6	670
204499	6	470
204499	6	330
210696	6	1010
210696	6	1050
210696	6	970
210696	6	830
210696	6	500
211034	6	515
211034	6	279
223697	6	1080
223697	6	760
223697	6	1080
223697	6	450
223697	6	450
214755	6	1402
213651	6	450
213651	6	520
213651	6	505
213651	6	1150
213651	6	1110
213651	6	630
213651	6	328
213651	6	296
205631	6	304
205631	6	355
205631	6	250
205631	6	610
205631	6	270
205631	6	200
205631	6	650
205631	6	650
205631	6	670
213749	6	369
213749	6	702
395138	6	489
395138	6	731
395138	6	1050
395138	6	730
395138	6	1050
395138	6	480
395138	6	470
395138	6	530
225732	6	500
234438	6	330
234438	6	330
234438	6	330
234438	6	299
234438	6	296
203379	6	390
203379	6	360
214328	6	400
214328	6	400
208667	6	540
208667	6	540
208667	6	410
443828	6	321
443828	6	370
443828	6	420
443828	6	1000
443828	6	360
443828	6	780
443828	6	469
203986	6	520
23010	6	330
23010	6	349
23010	6	850
23010	6	310
23010	6	310
23010	6	310
23010	6	310
23010	6	310
23010	6	330
23010	6	1520
23010	6	320
23010	6	330
23010	6	310
23010	6	300
23010	6	320
23010	6	310
23010	6	310
23010	6	330
23010	6	1160
23010	6	670
23010	6	299
23010	6	299
23010	6	280
23010	6	260
23010	6	260
3972	6	295
3972	6	1250
3972	6	930
3972	6	400
3972	6	380
3972	6	350
3972	6	380
3972	6	890
3972	6	680
3972	6	330
3972	6	400
3972	6	400
3972	6	580
3972	6	320
3972	6	580
3972	6	320
3972	6	285
3972	6	1250
3972	6	580
3972	6	300
3972	6	330
3972	6	330
3972	6	330
3972	6	290
3972	6	280
3972	6	200
3972	6	290
3972	6	200
3972	6	300
5105	6	430
5105	6	830
5105	6	440
5105	6	960
5105	6	370
5105	6	390
5105	6	319
5105	6	410
5105	6	500
5105	6	450
5105	6	440
5105	6	450
5105	6	960
5105	6	532
5105	6	830
5105	6	520
5105	6	650
5105	6	449
5105	6	450
5105	6	400
5105	6	400
5105	6	400
5105	6	830
5105	6	960
5105	6	339
5105	6	330
5105	6	269
34012	6	520
34012	6	430
34012	6	220
34012	6	270
34012	6	270
34012	6	300
34012	6	530
34012	6	240
34012	6	430
34012	6	520
34012	6	240
203905	6	260
203905	6	350
203905	6	279
203905	6	326
203905	6	274
203905	6	530
203905	6	300
203905	6	240
203905	6	680
2869	6	630
2869	6	930
2869	6	560
2869	6	333
2869	6	710
2869	6	310
2869	6	420
2869	6	630
2869	6	390
2869	6	345
2869	6	355
2869	6	390
2869	6	870
2869	6	420
2869	6	330
2869	6	710
2869	6	560
2869	6	247
2869	6	260
2869	6	210
2869	6	270
2869	6	510
2869	6	380
2869	6	420
16108	6	207
16108	6	200
16108	6	250
16108	6	315
16108	6	289
16108	6	280
16108	6	350
16108	6	280
16108	6	240
16108	6	670
16108	6	547
16108	6	580
16108	6	200
16108	6	180
22132	6	204
22132	6	260
22132	6	470
22132	6	470
22132	6	420
22132	6	300
22132	6	297
22132	6	340
22132	6	530
22132	6	470
22132	6	360
22132	6	237
22132	6	530
22132	6	470
22132	6	230
5708	6	510
5708	6	510
5708	6	510
5708	6	417
3976	6	230
3976	6	320
3976	6	320
3976	6	430
3976	6	180
3976	6	1050
3976	6	900
3976	6	200
3976	6	765
3976	6	270
10173	6	295
10173	6	365
10173	6	480
10173	6	350
10173	6	1070
10173	6	300
10173	6	1070
10173	6	520
10173	6	870
10173	6	970
10173	6	350
10511	6	200
10511	6	244
10511	6	450
10511	6	200
10511	6	290
10511	6	390
10511	6	370
193014	6	217
193014	6	309
23174	6	500
23174	6	450
23174	6	399
23174	6	1060
23174	6	449
23174	6	540
23174	6	560
23174	6	650
23174	6	450
23174	6	440
23174	6	400
23174	6	394
23174	6	399
23174	6	470
23174	6	350
23174	6	380
14232	6	800
14232	6	800
14232	6	910
14232	6	895
14232	6	1030
14232	6	1250
14232	6	1030
14232	6	895
14232	6	1230
14232	6	700
14232	6	700
14232	6	1000
14232	6	860
14232	6	1000
14232	6	1230
14232	6	894
13128	6	390
13128	6	450
13128	6	820
13128	6	600
13128	6	436
13128	6	450
13128	6	430
13128	6	425
13128	6	405
13128	6	320
13128	6	440
13128	6	820
13128	6	600
13128	6	247
13128	6	219
5108	6	330
5108	6	730
5108	6	730
5108	6	730
5108	6	440
5108	6	330
5108	6	350
5108	6	760
5108	6	730
5108	6	730
5108	6	294
5108	6	540
5108	6	460
13226	6	180
13226	6	550
13226	6	180
13226	6	560
13226	6	460
13226	6	190
13226	6	194
13226	6	257
13226	6	125
13226	6	140
13226	6	460
13226	6	560
13226	6	144
13226	6	140
16138	6	300
16138	6	810
16138	6	1030
16138	6	801
16138	6	320
16138	6	830
16138	6	400
16138	6	400
194615	6	1170
194615	6	1360
194615	6	521
194615	6	450
194615	6	970
194615	6	790
194615	6	350
194615	6	970
194615	6	590
194615	6	1360
194615	6	590
194615	6	1170
194615	6	345
194615	6	910
194615	6	1633
194615	6	450
194615	6	400
194615	6	600
194615	6	1360
194615	6	671
194615	6	1170
194615	6	600
194615	6	480
194615	6	415
194615	6	1310
194615	6	499
194615	6	1360
194615	6	1170
194615	6	650
194615	6	721
194615	6	450
194615	6	450
194615	6	450
194615	6	1360
194615	6	1170
194615	6	523
194615	6	345
194615	6	1360
194615	6	1170
194615	6	448
194615	6	380
194615	6	300
194615	6	350
25209	6	310
25209	6	790
25209	6	350
33915	6	215
33915	6	310
33915	6	310
33915	6	310
33915	6	305
33915	6	255
33915	6	310
33915	6	189
33915	6	220
33915	6	620
33915	6	180
33915	6	276
2856	6	660
2856	6	341
2856	6	330
2856	6	380
2856	6	265
13805	6	249
13805	6	250
13805	6	360
13805	6	334
13805	6	300
13805	6	550
13805	6	229
8144	6	360
8144	6	300
8144	6	300
8144	6	310
8144	6	670
8144	6	335
8144	6	245
243305	6	430
243305	6	430
243305	6	430
243305	6	430
243305	6	430
243305	6	430
243305	6	778
243305	6	930
243305	6	350
243305	6	1040
243305	6	337
243305	6	395
3463	6	340
3463	6	255
3463	6	280
3463	6	190
3463	6	190
3463	6	270
42202	6	450
42202	6	545
42202	6	590
42202	6	549
42202	6	1210
42202	6	1210
42202	6	1158
42202	6	700
42202	6	1550
42202	6	600
42202	6	1550
42202	6	500
42202	6	700
42202	6	400
42202	6	400
42202	6	317
42202	6	1550
42202	6	400
23164	6	520
23164	6	650
23164	6	450
23164	6	450
23164	6	345
23164	6	330
23164	6	300
23164	6	300
23164	6	300
23164	6	441
23164	6	1660
23164	6	1100
23164	6	200
24297	6	800
24297	6	1430
24297	6	720
24297	6	750
24297	6	630
53204	6	640
53204	6	1140
53204	6	600
53204	6	1000
53204	6	710
53204	6	710
53204	6	710
53204	6	1400
53204	6	1540
53204	6	740
53204	6	760
53204	6	699
53204	6	750
53204	6	700
53204	6	1540
53204	6	1400
53204	6	1400
53204	6	569
53204	6	590
53204	6	1660
53204	6	1660
53204	6	560
53204	6	1830
223097	6	1500
223097	6	450
223097	6	370
223097	6	350
223097	6	250
22061	6	1610
22061	6	580
22061	6	600
22061	6	600
22061	6	619
22061	6	500
22061	6	1940
22061	6	500
22061	6	400
22061	6	1940
22061	6	1940
35300	6	1510
35300	6	500
35300	6	650
35300	6	500
35300	6	1290
35300	6	499
35300	6	500
35300	6	500
35300	6	500
41324	6	1430
41324	6	660
41324	6	670
41324	6	680
41324	6	650
41324	6	640
41324	6	1430
41324	6	1430
41324	6	560
24900	6	1240
23168	6	1590
29365	6	1440
29703	6	355
29703	6	370
29703	6	360
212206	6	400
212206	6	910
212206	6	379
212206	6	247
212206	6	280
223697	6	1080
223697	6	300
223697	6	300
223697	6	1080
223697	6	400
23174	6	254
23174	6	270
23174	6	350
23174	6	279
23174	6	420
23174	6	450
23174	6	300
23174	6	400
23174	6	265
23174	6	280
23174	6	1060
23174	6	240
23174	6	240
23174	6	300
23174	6	250
23174	6	240
32320	6	900
24300	6	400
24300	6	450
24300	6	1150
24300	6	1050
24300	6	570
24300	6	499
24300	6	290
24300	6	480
24300	6	249
32418	6	1060
32418	6	1060
35330	6	1510
35330	6	1570
35330	6	960
35330	6	1100
213807	6	475
213807	6	655
213807	6	610
213807	6	700
213807	6	600
53107	6	620
53107	6	650
53107	6	1520
53107	6	600
53107	6	550
53107	6	650
53107	6	500
53107	6	1520
22048	6	420
22048	6	380
22048	6	430
32997	6	1180
32997	6	890
24898	6	450
24898	6	430
24898	6	455
24898	6	480
24898	6	500
24898	6	1150
24898	6	330
24898	6	307
24898	6	500
24898	6	451
24898	6	350
24898	6	400
24898	6	1430
27336	6	1710
27336	6	650
27336	6	700
27336	6	750
27336	6	770
27336	6	1880
27336	6	1880
262497	6	770
262497	6	750
262497	6	596
262497	6	1570
262497	6	745
262497	6	2010
262497	6	750
22655	6	1099
22655	6	1150
33260	6	2090
33260	6	2250
33260	6	2090
14222	6	1510
14222	6	1483
14222	6	1410
15355	6	2930
15355	6	1110
44262	6	550
44262	6	1160
44262	6	1160
44262	6	500
44262	6	550
44262	6	1270
44262	6	1270
44262	6	550
44262	6	549
44262	6	550
44262	6	550
44262	6	850
44262	6	550
44262	6	1270
44262	6	500
44262	6	1160
44262	6	550
44262	6	1180
44262	6	1160
44262	6	970
44262	6	500
44262	6	499
44262	6	970
44262	6	450
44262	6	1160
44262	6	1180
44262	6	468
44262	6	550
13119	6	2140
13119	6	2200
13119	6	2140
13119	6	2000
214755	6	1402
14232	6	2960
14232	6	1030
14232	6	1250
14232	6	1030
14232	6	752
14232	6	800
14232	6	800
14232	6	752
14232	6	640
14232	6	1230
14232	6	640
14232	6	1000
14232	6	860
14232	6	1000
14232	6	1230
23378	6	970
23378	6	930
23378	6	990
23378	6	720
15358	6	660
15358	6	930
15358	6	1010
15358	6	620
15358	6	1230
15358	6	1110
15358	6	1110
15358	6	1160
15358	6	600
15358	6	520
15358	6	1060
15358	6	1250
15358	6	1020
15358	6	632
15358	6	2070
15358	6	670
15358	6	1160
15358	6	1230
15358	6	1110
15358	6	584
15358	6	600
15358	6	1230
15358	6	1230
15358	6	1270
15358	6	573
15358	6	632
15358	6	1250
15358	6	1020
26388	6	1250
13106	6	1412
15956	6	1044
253555	6	1680
253555	6	1320
32156	6	1660
32156	6	400
32156	6	410
32156	6	410
32156	6	350
32156	6	400
32156	6	1510
32156	6	410
32156	6	400
32156	6	1180
32156	6	299
32156	6	350
32156	6	410
32156	6	380
32156	6	510
32156	6	1510
32156	6	400
32156	6	310
32156	6	310
32156	6	250
32156	6	284
32156	6	310
13118	6	399
13118	6	1120
13118	6	820
13118	6	404
13118	6	600
13118	6	600
13118	6	650
13118	6	2570
13118	6	450
13118	6	750
13118	6	750
13118	6	362
13118	6	820
13118	6	740
13118	6	750
13118	6	750
13118	6	308
13118	6	240
13118	6	1030
13118	6	1190
13118	6	404
13118	6	1150
13118	6	300
13118	6	230
13118	6	2570
13118	6	550
13118	6	204
13118	6	308
13118	6	450
13118	6	354
13118	6	450
13118	6	400
13118	6	400
13118	6	450
13118	6	400
13118	6	380
13118	6	200
13118	6	230
14251	6	560
14251	6	610
14251	6	610
14251	6	610
14251	6	460
14251	6	610
14251	6	920
14251	6	970
14251	6	890
14251	6	720
14251	6	420
14251	6	560
14251	6	430
14251	6	550
14251	6	399
14251	6	770
14251	6	860
14251	6	530
43158	6	337
43158	6	330
43158	6	309
43158	6	310
43158	6	620
43158	6	380
43158	6	390
43158	6	510
43158	6	600
43158	6	630
43158	6	765
43158	6	770
43158	6	760
43158	6	880
43158	6	880
43158	6	770
43158	6	770
43158	6	630
43158	6	360
43158	6	319
43158	6	309
213051	6	550
213051	6	514
213051	6	1230
213051	6	1220
213051	6	420
213051	6	380
213051	6	1230
213051	6	390
213051	6	370
12015	6	500
12015	6	600
12015	6	1170
12015	6	1050
12015	6	1220
12015	6	1290
12015	6	550
12015	6	507
12015	6	450
12015	6	400
12015	6	1270
12015	6	1170
12015	6	320
12015	6	300
12015	6	320
12015	6	320
12015	6	369
12015	6	290
25254	6	290
25254	6	650
25254	6	300
25254	6	950
25254	6	350
25254	6	290
25254	6	300
25254	6	1060
25254	6	350
25254	6	350
25254	6	760
25254	6	325
25254	6	350
25254	6	290
25254	6	260
25254	6	760
25254	6	665
25254	6	350
31278	6	1250
31278	6	650
31278	6	317
31278	6	1250
31278	6	400
31278	6	300
31278	6	910
31278	6	1250
31278	6	297
31278	6	300
31278	6	1210
31278	6	1050
31278	6	260
14854	6	1980
14854	6	500
14854	6	490
14854	6	520
14854	6	520
13122	6	1570
13122	6	480
13122	6	1410
13122	6	400
13122	6	350
13122	6	500
13122	6	600
13122	6	450
13122	6	340
19319	6	668
19319	6	670
19319	6	2010
19319	6	2090
19319	6	1230
19319	6	670
19319	6	650
19319	6	800
19319	6	1640
19319	6	2090
19319	6	2010
19319	6	2010
19657	6	495
19657	6	528
202160	6	528
202160	6	960
202160	6	450
202160	6	720
202160	6	300
202160	6	1050
202160	6	770
202160	6	300
213651	6	300
213651	6	1110
213651	6	1150
213651	6	310
213651	6	360
213651	6	447
213651	6	450
13128	6	248
13128	6	820
13128	6	600
13128	6	267
13128	6	300
13128	6	350
13128	6	400
13128	6	350
13128	6	270
13128	6	600
13128	6	820
13128	6	237
13128	6	189
13128	6	240
13128	6	240
32320	6	2040
23378	6	1200
23378	6	1080
23378	6	955
23378	6	1220
23378	6	1160
14254	6	710
14254	6	210
14254	6	680
14254	6	500
14254	6	415
14254	6	570
14254	6	720
14254	6	700
14254	6	700
14254	6	210
14254	6	209
14254	6	490
14254	6	260
14254	6	271
14254	6	450
14254	6	700
14254	6	720
14254	6	400
14254	6	300
14254	6	270
14254	6	410
25284	6	450
25284	6	300
203761	6	510
203761	6	510
203761	6	1050
203761	6	900
203761	6	380
203761	6	1160
203761	6	459
203761	6	900
203761	6	380
203761	6	1050
203761	6	391
203761	6	380
203761	6	900
203761	6	540
203761	6	1050
203761	6	550
203761	6	510
203761	6	437
203761	6	720
203761	6	530
203761	6	1050
203761	6	541
203761	6	900
203761	6	530
203761	6	327
203761	6	320
203761	6	320
203761	6	546
34355	6	219
34355	6	220
34355	6	370
34355	6	289
34355	6	300
34355	6	280
34355	6	220
43061	6	361
43061	6	450
43061	6	349
43061	6	780
43061	6	620
43061	6	760
43061	6	320
43061	6	760
43061	6	360
43061	6	330
43061	6	316
43061	6	300
43061	6	300
12002	6	288
12002	6	380
12002	6	630
12002	6	420
22951	6	860
22951	6	368
22951	6	530
22951	6	530
22951	6	860
22951	6	350
22951	6	1000
22951	6	300
22951	6	415
14852	6	249
14852	6	403
14852	6	1070
14852	6	280
14852	6	340
14852	6	380
14852	6	380
14852	6	299
14852	6	300
14852	6	249
14852	6	260
14852	6	900
14852	6	247
14852	6	260
14852	6	200
14852	6	200
17290	6	408
17290	6	450
17290	6	450
17290	6	450
17290	6	1040
17290	6	300
17290	6	470
252451	6	300
252451	6	880
252451	6	1070
252451	6	1110
252451	6	280
252451	6	950
252451	6	340
252451	6	360
252451	6	300
252451	6	690
252451	6	950
252451	6	277
252451	6	300
252451	6	280
12609	6	540
12609	6	540
12609	6	309
24136	6	720
24136	6	1090
24136	6	1090
24136	6	1390
24136	6	1390
24136	6	720
24136	6	1390
24136	6	1390
24136	6	225
24136	6	250
24136	6	900
24136	6	900
24136	6	757
24136	6	1070
24136	6	770
24136	6	900
24136	6	900
24136	6	770
24136	6	1430
24136	6	1060
24136	6	1090
24136	6	1020
24136	6	1430
24136	6	275
24136	6	1170
24136	6	820
24136	6	1170
24136	6	900
24136	6	270
24136	6	1020
24136	6	900
24136	6	270
24136	6	830
24136	6	1170
24136	6	750
24136	6	1170
24136	6	250
24136	6	669
24136	6	245
24136	6	450
24136	6	1390
24136	6	1390
24136	6	1070
24136	6	1070
5098	6	450
5098	6	920
5098	6	1030
5098	6	460
5098	6	920
5098	6	430
5098	6	820
5098	6	920
5098	6	1010
5098	6	920
5098	6	920
5098	6	500
5098	6	450
5098	6	450
5098	6	299
5098	6	470
5098	6	920
5098	6	550
5098	6	620
5098	6	680
5098	6	680
5098	6	620
5098	6	1010
5098	6	680
5098	6	400
5098	6	1010
5098	6	920
5098	6	920
5098	6	820
5098	6	550
5098	6	550
5098	6	550
5098	6	920
5098	6	920
5098	6	550
5098	6	450
5098	6	920
5098	6	920
5098	6	670
5098	6	670
5098	6	1030
5098	6	920
5098	6	640
5098	6	550
5098	6	630
5098	6	520
5098	6	520
5098	6	1398
5098	6	549
5098	6	420
5098	6	420
5098	6	330
5098	6	380
5098	6	280
6231	6	394
6231	6	670
6231	6	810
6231	6	810
6231	6	370
6231	6	400
6231	6	450
6231	6	370
6231	6	439
6231	6	447
6231	6	500
6231	6	500
6231	6	500
6231	6	500
6231	6	500
6231	6	500
6231	6	449
6231	6	500
6231	6	670
6231	6	810
6231	6	400
6231	6	400
6231	6	394
6231	6	400
6231	6	350
6231	6	389
6231	6	339
205031	6	356
205031	6	369
205031	6	370
205031	6	406
205031	6	700
205031	6	450
205031	6	760
205031	6	960
205031	6	540
205031	6	406
205031	6	346
205031	6	390
205031	6	340
3995	6	344
3995	6	350
3995	6	350
3995	6	980
3995	6	980
3995	6	980
3995	6	980
3995	6	380
3995	6	980
3995	6	450
3995	6	980
3995	6	377
3995	6	400
3995	6	450
3995	6	1080
3995	6	980
3995	6	600
3995	6	1080
3995	6	980
3995	6	400
3995	6	980
3995	6	1080
3995	6	400
3995	6	340
3995	6	1080
3995	6	1080
3995	6	980
3995	6	1020
3995	6	350
3995	6	350
3995	6	980
3995	6	980
3995	6	300
3995	6	1080
3995	6	280
3995	6	820
17234	6	390
17234	6	730
17234	6	300
17234	6	870
17234	6	710
17234	6	870
17234	6	420
17234	6	450
17234	6	730
17234	6	289
17234	6	320
17234	6	320
17234	6	354
17234	6	470
17234	6	298
17234	6	730
17234	6	480
17234	6	310
17234	6	670
17234	6	290
17234	6	260
23258	6	790
23258	6	830
23258	6	790
23258	6	360
23258	6	390
23258	6	790
23258	6	790
23258	6	390
23258	6	400
23258	6	790
23258	6	900
23258	6	510
23258	6	790
23258	6	480
23258	6	790
23258	6	900
23258	6	360
23258	6	354
23258	6	320
6834	6	1140
6834	6	1140
6834	6	600
6834	6	620
6834	6	440
6834	6	1410
6834	6	1250
5102	6	500
5102	6	450
5102	6	570
5102	6	295
5102	6	310
5102	6	1000
5102	6	750
5102	6	1000
5102	6	1110
5102	6	700
5102	6	1150
5102	6	1110
5102	6	330
11299	6	1220
11299	6	1190
11299	6	620
11299	6	450
11299	6	1340
11299	6	1340
11299	6	1090
11299	6	1070
11299	6	1190
11299	6	500
11299	6	450
11299	6	1390
11299	6	480
11299	6	728
11637	6	500
11637	6	608
194140	6	304
194140	6	390
194140	6	320
194140	6	460
194140	6	260
194140	6	219
194140	6	390
194140	6	220
194140	6	320
194140	6	190
205631	6	334
205631	6	610
205631	6	350
205631	6	650
205631	6	650
205631	6	330
205631	6	670
205631	6	515
205631	6	260
5108	6	730
5108	6	760
5108	6	730
5108	6	410
5108	6	550
5108	6	410
5108	6	290
5108	6	730
5108	6	730
5108	6	730
5108	6	264
5108	6	540
5108	6	350
24300	6	550
24300	6	1150
24300	6	1050
24300	6	720
24300	6	659
24300	6	770
24300	6	770
24300	6	600
24300	6	2720
15358	6	764
15358	6	1020
15358	6	1250
15358	6	930
15358	6	840
15358	6	1110
15358	6	1160
15358	6	840
15358	6	1230
15358	6	1110
15358	6	720
15358	6	5180
15358	6	1060
15358	6	830
15358	6	980
15358	6	1120
15358	6	1230
15358	6	1110
15358	6	1160
15358	6	840
15358	6	764
15358	6	1044
15358	6	980
15358	6	1060
15358	6	1120
15358	6	1110
15358	6	1110
15358	6	1160
15358	6	840
15358	6	980
15358	6	1020
15358	6	1250
15358	6	930
15358	6	1059
14254	6	250
14254	6	260
14254	6	490
14254	6	410
14254	6	360
14254	6	350
14254	6	720
14254	6	700
14254	6	700
14254	6	570
14254	6	280
14254	6	269
14254	6	680
14254	6	500
14254	6	279
14254	6	710
14254	6	220
14254	6	230
14254	6	720
14254	6	700
14254	6	380
14352	6	600
17264	6	274
17264	6	470
17264	6	430
17264	6	510
17264	6	470
17264	6	330
17264	6	480
17264	6	310
17264	6	290
17264	6	240
195741	6	330
195741	6	960
195741	6	960
195741	6	960
195741	6	960
195741	6	350
195741	6	350
195741	6	1110
195741	6	950
195741	6	359
195741	6	870
195741	6	870
195741	6	350
195741	6	960
195741	6	400
195741	6	461
195741	6	1110
195741	6	950
195741	6	450
195741	6	429
195741	6	450
195741	6	950
195741	6	450
195741	6	461
195741	6	1110
195741	6	450
195741	6	960
195741	6	960
195741	6	960
195741	6	450
195741	6	450
195741	6	458
195741	6	1110
195741	6	450
195741	6	950
195741	6	429
195741	6	450
195741	6	960
195741	6	960
195741	6	960
195741	6	450
195741	6	960
195741	6	450
195741	6	429
195741	6	870
195741	6	870
195741	6	450
195741	6	392
195741	6	400
195741	6	1110
195741	6	409
195741	6	950
195741	6	1110
195741	6	407
195741	6	950
195741	6	350
195741	6	350
195741	6	960
195741	6	960
195741	6	420
24136	6	720
24136	6	1090
24136	6	1090
24136	6	1390
24136	6	1390
24136	6	720
24136	6	1390
24136	6	1390
24136	6	225
24136	6	250
24136	6	900
24136	6	900
24136	6	757
24136	6	1070
24136	6	770
24136	6	900
24136	6	900
24136	6	770
24136	6	1430
24136	6	1060
24136	6	1090
24136	6	1020
24136	6	1430
24136	6	275
24136	6	1170
24136	6	820
24136	6	1170
24136	6	900
24136	6	270
24136	6	1020
24136	6	900
24136	6	270
24136	6	830
24136	6	1170
24136	6	750
24136	6	1170
24136	6	250
24136	6	669
24136	6	245
24136	6	450
24136	6	1390
24136	6	1390
24136	6	1070
24136	6	1070
5098	6	450
5098	6	920
5098	6	1030
5098	6	460
5098	6	920
5098	6	430
5098	6	820
5098	6	920
5098	6	1010
5098	6	920
5098	6	920
5098	6	500
5098	6	450
5098	6	450
5098	6	299
5098	6	470
5098	6	920
5098	6	550
5098	6	620
5098	6	680
5098	6	680
5098	6	620
5098	6	1010
5098	6	680
5098	6	400
5098	6	1010
5098	6	920
5098	6	920
5098	6	820
5098	6	550
5098	6	550
5098	6	550
5098	6	920
5098	6	920
5098	6	550
5098	6	450
5098	6	920
5098	6	920
5098	6	670
5098	6	670
5098	6	1030
5098	6	920
5098	6	640
5098	6	550
5098	6	630
5098	6	520
5098	6	520
5098	6	1398
5098	6	549
5098	6	420
5098	6	420
5098	6	330
5098	6	380
5098	6	280
6231	6	394
6231	6	810
6231	6	670
6231	6	810
6231	6	370
6231	6	450
6231	6	400
6231	6	500
6231	6	439
6231	6	447
6231	6	500
6231	6	500
6231	6	500
6231	6	500
6231	6	500
6231	6	500
6231	6	449
6231	6	500
6231	6	670
6231	6	810
6231	6	400
6231	6	400
6231	6	394
6231	6	400
6231	6	350
6231	6	389
6231	6	339
205031	6	356
205031	6	369
205031	6	370
205031	6	406
205031	6	700
205031	6	450
205031	6	760
205031	6	960
205031	6	540
205031	6	406
205031	6	346
205031	6	390
205031	6	340
3995	6	344
3995	6	350
3995	6	350
3995	6	980
3995	6	980
3995	6	980
3995	6	980
3995	6	380
3995	6	980
3995	6	450
3995	6	980
3995	6	377
3995	6	400
3995	6	450
3995	6	1080
3995	6	980
3995	6	600
3995	6	1080
3995	6	980
3995	6	400
3995	6	980
3995	6	1080
3995	6	400
3995	6	340
3995	6	1080
3995	6	1080
3995	6	980
3995	6	1020
3995	6	350
3995	6	350
3995	6	980
3995	6	980
3995	6	300
3995	6	1080
3995	6	280
3995	6	820
17234	6	390
17234	6	730
17234	6	300
17234	6	870
17234	6	710
17234	6	870
17234	6	420
17234	6	450
17234	6	730
17234	6	289
17234	6	320
17234	6	320
17234	6	354
17234	6	470
17234	6	298
17234	6	730
17234	6	480
17234	6	310
17234	6	670
17234	6	290
17234	6	260
23258	6	790
23258	6	830
23258	6	790
23258	6	360
23258	6	390
23258	6	790
23258	6	790
23258	6	390
23258	6	400
23258	6	790
23258	6	900
23258	6	510
23258	6	790
23258	6	480
23258	6	790
23258	6	900
23258	6	360
23258	6	354
23258	6	320
6834	6	1140
6834	6	1140
6834	6	600
6834	6	620
6834	6	440
6834	6	1410
6834	6	1250
5102	6	500
5102	6	450
5102	6	570
5102	6	295
5102	6	310
5102	6	1000
5102	6	750
5102	6	1000
5102	6	1110
5102	6	700
5102	6	1150
5102	6	1110
5102	6	330
32254	6	450
32254	6	970
32254	6	400
32254	6	450
32254	6	550
32254	6	970
32254	6	970
32254	6	475
32254	6	450
32254	6	450
32254	6	970
32254	6	550
32254	6	830
32254	6	425
32254	6	400
32254	6	970
32254	6	450
13216	6	740
13216	6	740
13216	6	340
13216	6	740
13216	6	500
13216	6	340
13216	6	420
13216	6	280
13216	6	400
13216	6	400
13216	6	250
13216	6	830
13216	6	830
13216	6	200
13216	6	200
13216	6	760
13216	6	300
13216	6	220
14349	6	380
14349	6	430
14349	6	430
14349	6	580
14349	6	269
14349	6	359
43256	6	280
43256	6	229
43256	6	760
43256	6	229
43256	6	229
213149	6	1050
213149	6	590
213149	6	1050
213149	6	970
213149	6	590
213149	6	390
213149	6	484
213149	6	379
12113	6	520
12113	6	565
12113	6	680
12113	6	569
12113	6	870
12113	6	580
12113	6	600
12113	6	870
12113	6	580
12113	6	550
12113	6	700
12113	6	760
12113	6	510
12113	6	870
12113	6	510
12113	6	840
12113	6	840
12113	6	680
12113	6	770
12113	6	400
12113	6	505
12113	6	870
12113	6	870
35166	6	220
35166	6	1050
35166	6	228
35166	6	220
35166	6	400
35166	6	257
35166	6	280
35166	6	259
35166	6	280
35166	6	240
35166	6	260
16128	6	380
16128	6	600
16128	6	600
16128	6	350
16128	6	330
16128	6	330
16128	6	280
16128	6	350
16128	6	350
16128	6	225
16128	6	230
16128	6	230
16128	6	350
16128	6	240
46168	6	580
46168	6	438
46168	6	680
46168	6	430
46168	6	280
46168	6	540
46168	6	570
46168	6	700
46168	6	420
46168	6	580
46168	6	300
46168	6	680
46168	6	310
46168	6	370
46168	6	219
46168	6	269
216061	6	520
216061	6	950
216061	6	470
216061	6	1050
216061	6	410
216061	6	350
15025	6	800
15025	6	300
15025	6	300
15025	6	317
15025	6	420
15025	6	420
15025	6	880
15025	6	300
15025	6	880
15025	6	880
28264	6	397
28264	6	390
28264	6	610
28264	6	830
28264	6	600
28264	6	990
28264	6	605
34288	6	950
34288	6	1070
34288	6	450
34288	6	980
34288	6	350
34288	6	350
34288	6	980
34288	6	950
34288	6	300
17864	6	860
17864	6	680
16132	6	600
22329	6	1280
22329	6	1570
22329	6	1570
22329	6	950
22329	6	1430
22329	6	1660
22329	6	1020
22329	6	1034
205170	6	580
205170	6	230
205170	6	240
16138	6	830
16138	6	400
16138	6	430
16138	6	810
16138	6	1030
16138	6	450
16138	6	790
16138	6	540
35330	6	1420
35330	6	1510
35330	6	1570
35330	6	1420
26388	6	1250
25284	6	350
25284	6	450
17264	6	300
17264	6	370
17264	6	280
17264	6	510
17264	6	510
17264	6	510
17264	6	510
17264	6	300
17264	6	270
17264	6	540
17264	6	393
17264	6	430
17264	6	260
25382	6	460
206771	6	360
206771	6	480
206771	6	550
206771	6	472
206771	6	460
206771	6	360
37365	6	640
37365	6	410
37365	6	640
37365	6	640
37365	6	520
37365	6	400
46071	6	270
46071	6	380
46071	6	300
15012	6	710
15012	6	380
15012	6	360
15012	6	320
25961	6	340
25961	6	320
17862	6	890
17862	6	678
17862	6	360
17862	6	419
17862	6	340
17862	6	550
17862	6	890
17862	6	700
17862	6	683
17862	6	320
17862	6	220
17862	6	340
20300	6	356
20300	6	850
20300	6	460
20300	6	720
20300	6	400
20300	6	330
20300	6	300
255461	6	670
255461	6	170
255461	6	640
255461	6	240
255461	6	470
255461	6	670
255461	6	236
255461	6	200
255461	6	549
255461	6	568
213643	6	550
213643	6	550
213643	6	479
213643	6	1892
213643	6	1309
213643	6	1380
213643	6	530
213643	6	550
213643	6	460
213643	6	479
213643	6	1309
213643	6	1380
213643	6	530
213643	6	460
213643	6	550
213643	6	435
213643	6	550
213643	6	550
213643	6	550
213643	6	479
213643	6	550
213643	6	460
213643	6	1309
213643	6	1380
213643	6	530
213643	6	386
213643	6	479
213643	6	550
213643	6	391
213643	6	1490
213643	6	350
213643	6	500
213643	6	300
213643	6	1380
213643	6	408
213643	6	400
213643	6	255
213643	6	770
213643	6	450
213643	6	1490
213643	6	1490
213643	6	1490
213643	6	1490
213643	6	1490
213643	6	1490
194605	6	740
194605	6	850
194605	6	970
194605	6	1260
194605	6	379
194605	6	1150
194605	6	1150
194605	6	970
194605	6	1200
194605	6	1000
194605	6	970
194605	6	970
194605	6	1150
194605	6	1080
194605	6	550
194605	6	1150
194605	6	370
194605	6	1180
194605	6	1180
194605	6	1150
194605	6	1150
194605	6	1390
194605	6	1150
194605	6	1170
194605	6	1170
194605	6	970
194605	6	1150
194605	6	1390
194605	6	1150
194605	6	1180
194605	6	1150
194605	6	1150
194605	6	1150
194605	6	970
194605	6	1200
194605	6	970
194605	6	1000
194605	6	1180
194605	6	370
194605	6	1150
194605	6	1150
194605	6	1000
194605	6	1200
194605	6	970
194605	6	970
194605	6	1150
194605	6	1150
194605	6	1150
194605	6	1390
194605	6	1150
194605	6	1180
194605	6	1150
194605	6	1150
194605	6	1000
194605	6	970
194605	6	1200
194605	6	970
194605	6	1150
194605	6	1170
194605	6	1170
194605	6	1080
194605	6	1150
194605	6	1150
194605	6	1270
194605	6	1150
194605	6	1150
194605	6	1150
194605	6	1000
194605	6	370
194605	6	970
194605	6	970
194605	6	850
194605	6	740
194605	6	380
194605	6	439
194605	6	1050
194605	6	910
194605	6	300
194605	6	1000
194605	6	1180
194605	6	1180
194605	6	1180
194605	6	1180
194605	6	1180
194605	6	1180
194605	6	1180
194605	6	1180
194605	6	1000
194605	6	530
194605	6	580
194605	6	580
194605	6	580
194605	6	580
224645	6	550
224645	6	750
224645	6	1613
224645	6	890
224645	6	599
224645	6	750
224645	6	1250
224645	6	1220
224645	6	850
224645	6	850
224645	6	1050
224645	6	630
224645	6	1050
224645	6	1050
224645	6	1050
224645	6	850
224645	6	885
224645	6	852
224645	6	1220
224645	6	1050
224645	6	850
224645	6	1250
224645	6	850
224645	6	850
224645	6	850
224645	6	1220
224645	6	850
224645	6	1050
224645	6	829
224645	6	890
224645	6	1220
224645	6	910
224645	6	1050
224645	6	910
224645	6	850
224645	6	1050
224645	6	1050
224645	6	850
224645	6	1250
224645	6	750
224645	6	1250
224645	6	600
224645	6	600
224645	6	1050
224645	6	1050
224645	6	600
224645	6	1220
224645	6	901
224645	6	600
224645	6	1050
224645	6	665
224645	6	750
224645	6	1250
224645	6	1250
224645	6	550
224645	6	1220
224645	6	550
224645	6	1050
224645	6	897
224645	6	530
394538	6	1160
394538	6	1040
394538	6	600
394538	6	1270
394538	6	540
394538	6	1160
394538	6	540
394538	6	1160
394538	6	450
394538	6	350
394538	6	290
394538	6	1160
394538	6	290
394538	6	1270
394538	6	245
394538	6	640
193502	6	300
193502	6	900
193502	6	300
193502	6	890
193502	6	457
193502	6	1010
193502	6	320
193502	6	391
193502	6	450
193502	6	1010
193502	6	890
193502	6	468
193502	6	298
193502	6	350
193502	6	330
193502	6	350
193502	6	1010
193502	6	365
193502	6	890
193502	6	350
193502	6	890
193502	6	1010
193502	6	350
193502	6	419
193502	6	339
193502	6	350
193502	6	1010
193502	6	361
193502	6	890
193502	6	350
193502	6	360
193502	6	900
193502	6	329
193502	6	350
193502	6	890
193502	6	366
193502	6	1010
193502	6	350
193502	6	350
193502	6	330
193502	6	400
193502	6	900
193502	6	300
193502	6	300
193502	6	230
193502	6	900
193502	6	900
193502	6	900
193502	6	900
193502	6	900
193502	6	900
193502	6	900
206741	6	640
206741	6	1045
206741	6	1090
206741	6	1270
206741	6	870
206741	6	900
206741	6	1000
206741	6	1000
206741	6	1090
206741	6	1270
206741	6	959
206741	6	1000
206741	6	1090
206741	6	1270
206741	6	1000
206741	6	995
206741	6	1000
206741	6	1090
206741	6	1000
206741	6	1270
206741	6	1000
206741	6	1270
206741	6	1090
206741	6	1000
206741	6	1000
206741	6	1000
206741	6	1000
206741	6	1270
206741	6	1090
206741	6	959
206741	6	1000
206741	6	1000
206741	6	995
206741	6	1090
206741	6	953
206741	6	950
206741	6	1270
206741	6	900
206741	6	1090
206741	6	1270
206741	6	900
206741	6	902
206741	6	625
212765	6	320
212765	6	1360
212765	6	509
212765	6	1170
212765	6	500
212765	6	805
212765	6	1170
212765	6	1310
212765	6	500
212765	6	500
212765	6	1170
212765	6	1360
212765	6	651
212765	6	430
212765	6	1310
212765	6	1170
212765	6	400
212765	6	270
212765	6	1170
212765	6	260
212765	6	1310
196341	6	1480
196341	6	907
196341	6	1720
196341	6	900
196341	6	800
196341	6	710
196341	6	710
196341	6	700
196341	6	1660
196341	6	1660
196341	6	560
194609	6	1000
194609	6	1470
194609	6	1001
194609	6	1710
194609	6	1000
194609	6	1000
194609	6	598
194609	6	1650
194609	6	680
194609	6	850
194609	6	1710
194609	6	852
194609	6	850
194609	6	1470
194609	6	1650
194609	6	520
200806	6	1920
200806	6	1624
200806	6	1650
200806	6	710
200806	6	710
200806	6	710
200806	6	910
200806	6	450
200806	6	510
200806	6	600
200806	6	480
201144	6	390
201144	6	390
201144	6	660
201144	6	660
383647	6	970
383647	6	541
383647	6	530
383647	6	890
383647	6	740
383647	6	603
383647	6	590
383647	6	970
383647	6	370
395138	6	801
395138	6	1050
395138	6	800
395138	6	612
395138	6	1050
395138	6	600
395138	6	317
395138	6	600
194615	6	479
194615	6	1170
194615	6	509
194615	6	1360
194615	6	500
194615	6	550
194615	6	550
194615	6	510
194615	6	790
194615	6	880
194615	6	970
194615	6	550
194615	6	610
194615	6	1633
194615	6	530
194615	6	910
194615	6	550
194615	6	1170
194615	6	1360
194615	6	1151
194615	6	440
194615	6	550
194615	6	561
194615	6	1360
194615	6	1170
194615	6	427
194615	6	402
194615	6	1310
194615	6	450
194615	6	470
194615	6	1170
194615	6	1360
194615	6	463
194615	6	450
194615	6	1360
194615	6	1170
194615	6	1360
194615	6	550
194615	6	1170
194615	6	550
194615	6	400
194615	6	400
213807	6	1030
213807	6	1450
213807	6	1380
213807	6	1380
213807	6	1770
203761	6	546
203761	6	549
203761	6	1160
203761	6	525
203761	6	540
203761	6	1050
203761	6	900
203761	6	570
203761	6	551
203761	6	600
203761	6	1050
203761	6	600
203761	6	900
203761	6	595
203761	6	600
203761	6	500
203761	6	900
203761	6	1050
203761	6	568
203761	6	500
203761	6	495
203761	6	400
203761	6	433
203761	6	900
203761	6	537
203761	6	1050
203761	6	470
203761	6	540
195741	6	520
195741	6	730
195741	6	1110
195741	6	950
195741	6	735
195741	6	669
195741	6	600
195741	6	1110
195741	6	600
195741	6	950
195741	6	671
195741	6	960
195741	6	960
195741	6	960
195741	6	780
195741	6	780
195741	6	870
195741	6	870
195741	6	950
195741	6	780
195741	6	780
195741	6	1110
195741	6	600
195741	6	574
195741	6	960
195741	6	960
195741	6	600
195741	6	960
195741	6	588
195741	6	550
195741	6	960
195741	6	611
195741	6	600
195741	6	1110
195741	6	950
195741	6	600
195741	6	600
195741	6	611
195741	6	1110
195741	6	950
195741	6	600
195741	6	600
195741	6	434
195741	6	960
195741	6	960
195741	6	550
195741	6	960
195741	6	960
195741	6	1110
195741	6	621
195741	6	950
195741	6	550
195741	6	550
195741	6	870
195741	6	870
195741	6	500
195741	6	464
195741	6	960
195741	6	960
195741	6	960
195741	6	500
203859	6	390
203859	6	520
203859	6	650
203859	6	560
203859	6	479
203859	6	520
203859	6	520
206771	6	660
206771	6	660
206771	6	720
206771	6	820
206771	6	660
206771	6	570
215842	6	520
215842	6	515
215842	6	520
215842	6	520
224548	6	450
193489	6	870
193489	6	910
193489	6	872
193489	6	1020
193489	6	870
193489	6	1160
193489	6	1000
193489	6	1000
193489	6	1000
193489	6	1160
193489	6	1000
193489	6	1000
193489	6	1000
193489	6	1000
193489	6	1050
193489	6	1100
193489	6	1000
193489	6	1000
193489	6	1160
193489	6	1000
193489	6	1000
193489	6	1000
193489	6	1000
193489	6	1160
193489	6	1000
193489	6	840
193489	6	1020
193489	6	870
193489	6	910
193489	6	870
193489	6	870
204438	6	430
204438	6	590
204438	6	570
204438	6	690
204438	6	500
204438	6	410
204438	6	640
204438	6	635
204438	6	790
204438	6	640
204438	6	650
204438	6	640
204438	6	410
204438	6	560
204438	6	590
204438	6	560
204438	6	690
204438	6	400
204438	6	330
196339	6	566
196339	6	514
196339	6	580
196339	6	750
196339	6	812
196339	6	1120
196339	6	750
196339	6	960
196339	6	750
196339	6	650
196339	6	703
196339	6	960
196339	6	1120
196339	6	650
196339	6	650
196339	6	1120
196339	6	660
196339	6	960
196339	6	599
196339	6	750
196339	6	650
196339	6	550
196339	6	960
196339	6	608
196339	6	1120
196339	6	550
196339	6	470
196339	6	529
198777	6	1269
198777	6	1290
198777	6	1280
198777	6	1290
198777	6	1269
198777	6	1280
194096	6	980
194096	6	439
194096	6	570
194096	6	700
194096	6	700
194096	6	700
194096	6	830
194096	6	660
194096	6	700
194096	6	695
194096	6	570
194096	6	700
194096	6	700
44237	6	320
44237	6	245
44237	6	250
44237	6	350
44237	6	300
44237	6	300
44237	6	350
44237	6	315
25199	6	180
25199	6	180
25199	6	460
25199	6	460
25199	6	210
25199	6	180
25199	6	180
25199	6	180
25199	6	270
25199	6	250
26332	6	400
26332	6	450
26332	6	380
26332	6	365
26332	6	350
26332	6	300
55239	6	290
55239	6	300
55239	6	325
55239	6	490
55239	6	325
55239	6	300
55239	6	650
55239	6	230
55239	6	240
55239	6	230
225132	6	300
225132	6	590
225132	6	290
24096	6	320
24096	6	340
24096	6	330
24096	6	340
24096	6	450
24096	6	450
24096	6	450
52943	6	310
52943	6	870
52943	6	320
52943	6	400
52943	6	350
52943	6	339
52943	6	400
52943	6	350
52943	6	340
52943	6	450
52943	6	450
52943	6	330
52943	6	320
52943	6	870
52943	6	339
52943	6	400
52943	6	250
52943	6	240
52943	6	365
52943	6	870
52943	6	870
52943	6	870
52943	6	870
52943	6	870
52943	6	870
33905	6	295
33905	6	500
33905	6	365
33905	6	365
33905	6	330
33905	6	300
33905	6	395
33905	6	300
33905	6	300
33905	6	500
33905	6	500
33905	6	370
33905	6	500
33905	6	300
33905	6	375
33905	6	375
33905	6	355
33905	6	355
33905	6	280
33905	6	850
33905	6	275
33905	6	295
33905	6	295
33905	6	270
35038	6	250
35038	6	350
35038	6	320
63945	6	695
63945	6	740
63945	6	730
63945	6	675
63945	6	860
63945	6	860
63945	6	750
63945	6	930
63945	6	606
63945	6	560
63945	6	660
63945	6	810
63945	6	660
63945	6	500
233838	6	310
233838	6	280
233838	6	280
233838	6	230
233838	6	250
233838	6	630
233838	6	230
233838	6	200
233838	6	250
32802	6	410
32802	6	500
32802	6	400
32802	6	500
32802	6	350
46041	6	240
46041	6	240
46041	6	480
46041	6	240
46041	6	440
46041	6	385
46041	6	305
46041	6	305
46041	6	350
46041	6	360
46041	6	510
46041	6	230
52065	6	380
52065	6	320
52065	6	630
52065	6	340
52065	6	340
52065	6	630
52065	6	710
52065	6	630
52065	6	350
52065	6	299
52065	6	270
52065	6	630
52065	6	690
35641	6	930
35641	6	760
35641	6	830
33909	6	860
33909	6	550
33909	6	400
33909	6	684
33909	6	970
33909	6	630
33909	6	1070
33909	6	1070
33909	6	1070
40106	6	1220
40106	6	990
40106	6	1260
40106	6	1220
40106	6	550
40106	6	680
40106	6	480
40106	6	520
40106	6	1220
40106	6	680
40444	6	920
40444	6	920
222947	6	500
222947	6	439
222947	6	530
222947	6	330
234438	6	270
234438	6	270
234438	6	310
234438	6	330
234438	6	300
33915	6	620
33915	6	230
33915	6	310
33915	6	330
33915	6	340
33915	6	359
33915	6	320
33915	6	305
33915	6	305
33915	6	260
33915	6	355
33915	6	345
53107	6	860
53107	6	1520
53107	6	1040
53107	6	890
53107	6	840
53107	6	1370
53107	6	970
53107	6	1520
43061	6	300
43061	6	396
43061	6	305
43061	6	420
43061	6	760
43061	6	760
43061	6	360
43061	6	620
43061	6	780
43061	6	375
43061	6	440
43061	6	315
43061	6	350
35041	6	380
35041	6	340
35041	6	760
35041	6	710
35041	6	710
35041	6	690
35041	6	380
35041	6	380
35041	6	340
35041	6	310
35041	6	300
35041	6	790
35041	6	760
35041	6	760
35041	6	250
35041	6	610
35041	6	560
35041	6	434
35041	6	320
35041	6	480
43159	6	320
46071	6	269
46071	6	360
46071	6	320
46071	6	200
21884	6	190
21884	6	190
21884	6	840
21884	6	460
21884	6	190
21884	6	147
3979	6	360
3979	6	360
3979	6	580
3979	6	500
3979	6	670
3979	6	580
3979	6	420
3979	6	260
3979	6	580
3979	6	295
3979	6	670
3979	6	260
3979	6	200
3979	6	259
32886	6	485
32886	6	450
32886	6	450
32886	6	454
32886	6	430
32886	6	625
32886	6	405
32886	6	630
32886	6	300
32886	6	770
32886	6	555
32833	6	240
32833	6	770
32833	6	300
32833	6	230
32833	6	430
32833	6	199
32833	6	225
32833	6	300
32833	6	770
32833	6	197
32833	6	285
13795	6	735
13795	6	615
13795	6	625
14928	6	280
14928	6	345
14928	6	390
14928	6	309
43835	6	760
43835	6	598
43835	6	800
43835	6	590
43835	6	690
43835	6	680
43835	6	800
43835	6	840
43835	6	590
43835	6	680
43835	6	560
43835	6	520
43835	6	800
43835	6	690
43835	6	515
43835	6	509
43835	6	530
213728	6	740
25931	6	424
25931	6	449
31955	6	1388
31955	6	634
31955	6	790
31955	6	350
15531	6	1090
15531	6	610
13799	6	750
13799	6	620
13799	6	620
13799	6	400
19996	6	1170
19996	6	1060
19996	6	810
20334	6	1000
202837	6	420
202837	6	345
202837	6	200
214328	6	395
214328	6	400
13805	6	300
13805	6	550
13805	6	410
13805	6	610
13805	6	296
13805	6	285
13805	6	225
32997	6	1180
32997	6	890
22951	6	395
22951	6	860
22951	6	745
22951	6	525
22951	6	860
22951	6	620
22951	6	620
22951	6	1000
22951	6	415
14931	6	760
14931	6	870
14931	6	464
14931	6	500
14931	6	506
14931	6	570
14931	6	488
14931	6	500
14931	6	580
14931	6	620
14931	6	560
14931	6	440
14931	6	510
14931	6	746
23049	6	610
25961	6	465
25961	6	330
204438	6	390
204438	6	410
204438	6	590
204438	6	542
204438	6	690
204438	6	690
204438	6	590
204438	6	590
204438	6	590
204438	6	690
204438	6	412
204438	6	400
204438	6	590
204438	6	400
204438	6	400
204438	6	400
204438	6	320
204438	6	310
204438	6	260
13286	6	530
13286	6	530
13286	6	530
13286	6	500
24734	6	1250
5696	6	460
5696	6	450
5696	6	450
5696	6	725
5696	6	635
5696	6	635
5696	6	387
5696	6	390
5696	6	525
5696	6	525
5696	6	525
5696	6	525
5696	6	300
5696	6	300
5696	6	295
5696	6	525
5696	6	590
5696	6	196
24734	6	1250
5696	6	460
5696	6	450
5696	6	450
5696	6	725
5696	6	635
5696	6	635
5696	6	394
5696	6	390
5696	6	525
5696	6	525
5696	6	525
5696	6	525
5696	6	300
5696	6	300
5696	6	295
5696	6	525
5696	6	590
5696	6	196
6829	6	420
6829	6	650
6829	6	550
6829	6	500
6829	6	549
6829	6	500
6829	6	500
6829	6	500
6829	6	500
6829	6	400
6829	6	400
6829	6	400
6829	6	377
6829	6	499
6829	6	319
35736	6	590
35736	6	612
35736	6	960
35736	6	710
35736	6	469
35736	6	480
35736	6	440
205629	6	508
4593	6	500
4593	6	560
4593	6	495
4593	6	495
4593	6	400
4593	6	345
4593	6	350
4593	6	278
4593	6	560
4593	6	260
4593	6	380
4593	6	560
4593	6	560
4593	6	560
17832	6	350
7432	6	300
7432	6	590
7432	6	754
7432	6	680
7432	6	400
7432	6	380
7432	6	360
27172	6	630
27172	6	1090
27172	6	650
27172	6	1750
27172	6	1500
27172	6	1178
27172	6	1200
27172	6	1200
27172	6	1200
27172	6	1200
8134	6	930
8134	6	920
8134	6	1020
8134	6	1230
8134	6	1043
8134	6	1050
8134	6	1050
8134	6	920
8134	6	1043
8134	6	1050
8134	6	1050
8134	6	1050
8134	6	810
9267	6	1350
9267	6	1230
9267	6	1350
9267	6	1340
9267	6	1350
9267	6	1230
9267	6	1350
9267	6	1230
9267	6	1230
38174	6	1897
38174	6	1910
38174	6	700
38174	6	950
38174	6	840
38174	6	860
38174	6	770
38174	6	690
38174	6	1750
38174	6	950
38174	6	1120
38174	6	1100
38174	6	1120
38174	6	639
38174	6	1040
38174	6	509
38174	6	1040
262333	6	1140
262333	6	1000
262333	6	1050
262333	6	1260
262333	6	1050
262333	6	1050
262333	6	1140
262333	6	1050
262333	6	848
262333	6	247
243295	6	900
243295	6	530
243295	6	900
243295	6	760
243295	6	660
243295	6	660
243295	6	700
243295	6	530
243295	6	900
243295	6	530
243295	6	900
243295	6	530
243295	6	900
243295	6	530
243295	6	530
243295	6	530
243295	6	530
243295	6	900
243295	6	530
243295	6	530
243295	6	900
243295	6	450
243295	6	450
243295	6	330
243295	6	430
243295	6	400
243295	6	450
243295	6	250
243295	6	200
243295	6	350
244428	6	750
244428	6	420
244428	6	750
244428	6	340
244428	6	740
244428	6	310
244428	6	750
244428	6	350
244428	6	260
244428	6	750
244428	6	750
244428	6	750
273335	6	790
273335	6	910
273335	6	1220
273335	6	850
273335	6	1880
273335	6	920
273335	6	750
273335	6	560
273335	6	510
273335	6	1020
273335	6	1110
273335	6	649
273335	6	840
443228	6	210
443228	6	1020
443228	6	1030
443228	6	230
443228	6	850
443228	6	850
443228	6	350
443228	6	389
443228	6	760
443228	6	290
242192	6	580
242192	6	320
242192	6	580
242192	6	320
242192	6	415
242192	6	415
242192	6	420
242192	6	580
242192	6	580
242192	6	420
242192	6	380
242192	6	580
242192	6	350
242192	6	580
255431	6	500
255431	6	240
255431	6	255
255431	6	310
255431	6	310
255431	6	500
255431	6	310
255431	6	200
261455	6	760
261455	6	770
261455	6	790
261455	6	1130
261455	6	1220
261455	6	1130
261455	6	1220
261455	6	1220
261455	6	680
261455	6	790
261455	6	700
245031	6	1190
245031	6	710
245031	6	5950
245031	6	2580
245031	6	750
245031	6	1310
245031	6	1310
245031	6	970
243299	6	1590
243299	6	1590
243299	6	2150
243299	6	2140
243299	6	1680
243299	6	1830
243299	6	1700
243299	6	450
249496	6	1380
249496	6	450
249496	6	1380
249496	6	380
249496	6	2810
249496	6	400
249496	6	1380
249496	6	1250
249496	6	391
249496	6	1450
249496	6	380
249834	6	1050
249834	6	1030
249834	6	830
249834	6	390
249834	6	950
432337	6	550
443828	6	470
443828	6	720
443828	6	555
443828	6	910
443828	6	350
443828	6	780
443828	6	668
243305	6	1010
243305	6	500
243305	6	425
243305	6	540
243305	6	425
243305	6	300
243305	6	778
243305	6	367
243305	6	335
262497	6	4100
262497	6	2010
262497	6	750
262497	6	690
262497	6	600
252451	6	950
252451	6	580
252451	6	1110
252451	6	880
252451	6	1070
252451	6	550
252451	6	545
252451	6	500
252451	6	1060
252451	6	950
252451	6	690
252451	6	298
252451	6	300
244431	6	392
244431	6	490
244431	6	990
244431	6	400
244431	6	990
244431	6	400
244431	6	580
244431	6	750
244431	6	626
244431	6	640
244431	6	550
244431	6	820
244431	6	520
244431	6	470
244431	6	830
244431	6	830
244431	6	940
252549	6	720
252549	6	700
252549	6	720
252549	6	560
252549	6	650
252549	6	720
252549	6	647
252549	6	650
252549	6	650
252549	6	650
252549	6	540
252549	6	720
255461	6	1180
255461	6	1180
255461	6	990
255461	6	870
255461	6	236
255461	6	310
255461	6	1180
255461	6	870
264532	6	527
264532	6	580
264532	6	530
264532	6	580
264532	6	580
273238	6	400
273238	6	620
273238	6	600
273238	6	532
273238	6	470
273238	6	620
273238	6	460
273238	6	620
273238	6	620
273238	6	620
273238	6	440
242179	6	550
242179	6	460
242179	6	410
242179	6	400
242179	6	295
253128	6	530
253128	6	470
245029	6	1500
245029	6	3400
245029	6	1630
245029	6	3400
245029	6	1920
245029	6	470
245029	6	410
245029	6	791
245029	6	730
242786	6	580
242786	6	577
242786	6	580
22491	6	305
22491	6	480
22491	6	315
22491	6	410
22491	6	199
22491	6	570
4586	6	440
4586	6	329
4586	6	345
4586	6	350
4586	6	250
4586	6	345
4586	6	350
4586	6	180
4586	6	140
4586	6	219
33493	6	1690
33493	6	700
33493	6	710
33493	6	540
33493	6	860
33493	6	500
33493	6	870
33493	6	1050
33493	6	610
203386	6	710
203386	6	710
203386	6	710
203386	6	630
21613	6	665
5189	6	910
5189	6	360
5189	6	560
3457	6	385
3457	6	430
3457	6	299
3457	6	300
9654	6	350
9654	6	410
192495	6	390
192495	6	285
192495	6	200
203986	6	415
3463	6	345
3463	6	340
3463	6	535
3463	6	345
3463	6	218
3463	6	220
22655	6	1048
22655	6	1000
12609	6	755
12609	6	755
12609	6	487
4589	6	750
4589	6	880
4589	6	840
4589	6	510
4589	6	410
4589	6	370
4589	6	285
4589	6	300
4589	6	760
4589	6	730
4589	6	300
4589	6	260
4589	6	820
4589	6	360
12707	6	1680
12707	6	960
12707	6	530
12707	6	920
12707	6	435
12707	6	380
12707	6	520
12707	6	460
12707	6	480
15619	6	630
194096	6	360
194096	6	980
194096	6	379
194096	6	830
194096	6	400
194096	6	700
194096	6	370
194096	6	630
194096	6	627
194096	6	450
194096	6	575
194096	6	700
194096	6	700
24690	6	410
24690	6	405
33396	6	530
33396	6	520
33396	6	500
33396	6	418
13286	6	530
13286	6	530
13286	6	530
13286	6	490
5187	6	375
5187	6	358
5187	6	370
5187	6	409
242786	6	577
242786	6	580
242786	6	580
